segmentnr	original	folio	stemmed
BO_K02_D0008-4_H0009-4:376a-22	rnam par shes pa ni mi brtan par yid la bya'o //	376a	rnam ba shes ba ni mi brtan ba yid la byed 
BO_K02_D0008-4_H0009-4:376a-23	rnam par shes pa ni 'jig par yid la bya'o //	376a	rnam ba shes ba ni jig ba yid la byed 
BO_K02_D0008-4_H0009-4:376a-24	rnam par shes pa ni 'jigs par yid la bya'o //	376a	rnam ba shes ba ni jigs ba yid la byed 
BO_K02_D0008-4_H0009-4:376a-25	rnam par shes pa ni 'go ba'i nad du yid la bya'o //	376a	rnam ba shes ba ni go ba nad du yid la byed 
BO_K02_D0008-4_H0009-4:376a-26	rnam par shes pa ni stong pa nyid du yid la bya'o //	376a	rnam ba shes ba ni stong ba nyid du yid la byed 
BO_K02_D0008-4_H0009-4:376a-27	rnam par shes pa ni bdag gi med par yid la bya'o //	376a	rnam ba shes ba ni bdag gi med ba yid la byed 
BO_K02_D0008-4_H0009-4:376b-0	rnam par @376b shes pa ni yid brtan du mi rung bar yid la bya'o //	376b	rnam ba shes ba ni yid brtan du mi rung ba yid la byed 
BO_K02_D0008-4_H0009-4:376b-1	rnam par shes pa ni gnod par yid la bya'o //	376b	rnam ba shes ba ni gnod ba yid la byed 
BO_K02_D0008-4_H0009-4:376b-2	rnam pa thams cad mkhyen pa nyid dang ldan pa'i sems bskyed pas /	376b	rnam ba thams cad mkhyen ba nyid dang ldan ba sems skyed ba 
BO_K02_D0008-4_H0009-4:376b-3	de mi dmigs pa'i tshul gyis /	376b	de mi dmigs ba tshul gyis 
BO_K02_D0008-4_H0009-4:376b-4	mig ni mi rtag par yid la bya'o //	376b	mig ni mi rtag ba yid la byed 
BO_K02_D0008-4_H0009-4:376b-5	mig ni sdug bsngal bar yid la bya'o /	376b	mig ni sdug sngal ba yid la byed 
BO_K02_D0008-4_H0009-4:376b-6	mig ni bdag med par yid la bya'o //	376b	mig ni bdag med ba yid la byed 
BO_K02_D0008-4_H0009-4:376b-7	mig ni zhi bar yid la bya'o //	376b	mig ni zhi ba yid la byed 
BO_K02_D0008-4_H0009-4:376b-8	mig ni dben par yid la bya'o //	376b	mig ni dben ba yid la byed 
BO_K02_D0008-4_H0009-4:376b-9	mig ni nad du yid la bya'o //	376b	mig ni nad du yid la byed 
BO_K02_D0008-4_H0009-4:376b-10	mig ni shu bar yid la bya'o //	376b	mig ni shu ba yid la byed 
BO_K02_D0008-4_H0009-4:376b-11	mig ni zug rngur yid la bya'o //	376b	mig ni zug rngur yid la byed 
BO_K02_D0008-4_H0009-4:376b-12	mig ni sdig par yid la bya'o //	376b	mig ni sdig ba yid la byed 
BO_K02_D0008-4_H0009-4:376b-13	mig ni na bar yid la bya'o //	376b	mig ni na ba yid la byed 
BO_K02_D0008-4_H0009-4:376b-14	mig ni dgrar yid la bya'o //	376b	mig ni dgrar yid la byed 
BO_K02_D0008-4_H0009-4:376b-15	mig ni 'jig pa'i chos can du yid la bya'o //	376b	mig ni jig ba chos can du yid la byed 
BO_K02_D0008-4_H0009-4:376b-16	mig ni mi brtan par yid la bya'o //	376b	mig ni mi brtan ba yid la byed 
BO_K02_D0008-4_H0009-4:376b-17	mig ni 'jig par yid la bya'o //	376b	mig ni jig ba yid la byed 
BO_K02_D0008-4_H0009-4:376b-18	mig ni 'jigs par yid la bya'o //	376b	mig ni jigs ba yid la byed 
BO_K02_D0008-4_H0009-4:376b-19	mig ni 'go ba'i nad du yid la bya'o //	376b	mig ni go ba nad du yid la byed 
BO_K02_D0008-4_H0009-4:376b-20	mig ni stong pa nyid du yid la bya'o //	376b	mig ni stong ba nyid du yid la byed 
BO_K02_D0008-4_H0009-4:376b-21	mig ni bdag gi med par yid la bya'o //	376b	mig ni bdag gi med ba yid la byed 
BO_K02_D0008-4_H0009-4:376b-22	mig ni yid brtan du mi rung bar yid la bya'o //	376b	mig ni yid brtan du mi rung ba yid la byed 
BO_K02_D0008-4_H0009-4:376b-23	mig ni gnod par yid la bya'o //	376b	mig ni gnod ba yid la byed 
BO_K02_D0008-4_H0009-4:376b-24	rnam pa thams cad mkhyen pa nyid dang ldan pa'i sems bskyed pas /	376b	rnam ba thams cad mkhyen ba nyid dang ldan ba sems skyed ba 
BO_K02_D0008-4_H0009-4:376b-25	de mi dmigs pa'i tshul gyis /	376b	de mi dmigs ba tshul gyis 
BO_K02_D0008-4_H0009-4:376b-26	rna ba ni mi rtag par yid la bya'o //	376b	rna ba ni mi rtag ba yid la byed 
BO_K02_D0008-4_H0009-4:376b-27	rna ba ni sdug bsngal bar yid la bya'o //	376b	rna ba ni sdug sngal ba yid la byed 
BO_K02_D0008-4_H0009-4:376b-28	rna ba ni bdag med par yid la bya'o //	376b	rna ba ni bdag med ba yid la byed 
BO_K02_D0008-4_H0009-4:376b-29	rna ba ni zhi bar yid la bya'o //	376b	rna ba ni zhi ba yid la byed 
BO_K02_D0008-4_H0009-4:376b-30	rna ba ni dben par yid la bya'o //	376b	rna ba ni dben ba yid la byed 
BO_K02_D0008-4_H0009-4:376b-31	rna ba ni nad du yid la bya'o //	376b	rna ba ni nad du yid la byed 
BO_K02_D0008-4_H0009-4:376b-32	rna ba ni shu bar yid la bya'o //	376b	rna ba ni shu ba yid la byed 
BO_K02_D0008-4_H0009-4:376b-33	rna ba ni zug rngur yid la bya'o //	376b	rna ba ni zug rngur yid la byed 
BO_K02_D0008-4_H0009-4:376b-34	rna ba ni sdig par yid la bya'o //	376b	rna ba ni sdig ba yid la byed 
BO_K02_D0008-4_H0009-4:376b-35	rna ba ni na bar yid la bya'o //	376b	rna ba ni na ba yid la byed 
BO_K02_D0008-4_H0009-4:377a-0	rna ba ni @377a *//	377a	rna ba ni 
BO_K02_D0008-4_H0009-4:377a-1	dgrar yid la bya'o //	377a	dgrar yid la byed 
BO_K02_D0008-4_H0009-4:377a-2	rna ba ni 'jig pa'i chos can du yid la bya'o //	377a	rna ba ni jig ba chos can du yid la byed 
BO_K02_D0008-4_H0009-4:377a-3	rna ba ni mi brtan par yid la bya'o //	377a	rna ba ni mi brtan ba yid la byed 
BO_K02_D0008-4_H0009-4:377a-4	rna ba ni 'jig par yid la bya'o //	377a	rna ba ni jig ba yid la byed 
BO_K02_D0008-4_H0009-4:377a-5	rna ba ni 'jigs par yid la bya'o //	377a	rna ba ni jigs ba yid la byed 
BO_K02_D0008-4_H0009-4:377a-6	rna ba ni 'go ba'i nad du yid la bya'o //	377a	rna ba ni go ba nad du yid la byed 
BO_K02_D0008-4_H0009-4:377a-7	rna ba ni stong pa nyid du yid la bya'o //	377a	rna ba ni stong ba nyid du yid la byed 
BO_K02_D0008-4_H0009-4:377a-8	rna ba ni bdag gi med par yid la bya'o //	377a	rna ba ni bdag gi med ba yid la byed 
BO_K02_D0008-4_H0009-4:377a-9	rna ba ni yid brtan du mi rung bar yid la bya'o //	377a	rna ba ni yid brtan du mi rung ba yid la byed 
BO_K02_D0008-4_H0009-4:377a-10	rna ba ni gnod par yid la bya'o //	377a	rna ba ni gnod ba yid la byed 
BO_K02_D0008-4_H0009-4:377a-11	rnam pa thams cad mkhyen pa nyid dang ldan pa'i sems bskyed pas /	377a	rnam ba thams cad mkhyen ba nyid dang ldan ba sems skyed ba 
BO_K02_D0008-4_H0009-4:377a-12	de mi dmigs pa'i tshul gyis /	377a	de mi dmigs ba tshul gyis 
BO_K02_D0008-4_H0009-4:377a-13	sna ni mi rtag par yid la bya'o //	377a	sna ni mi rtag ba yid la byed 
BO_K02_D0008-4_H0009-4:377a-14	sna ni sdug bsngal bar yid la bya'o //	377a	sna ni sdug sngal ba yid la byed 
BO_K02_D0008-4_H0009-4:377a-15	sna ni bdag med par yid la bya'o //	377a	sna ni bdag med ba yid la byed 
BO_K02_D0008-4_H0009-4:377a-16	sna ni zhi bar yid la bya'o //	377a	sna ni zhi ba yid la byed 
BO_K02_D0008-4_H0009-4:377a-17	sna ni dben par yid la bya'o //	377a	sna ni dben ba yid la byed 
BO_K02_D0008-4_H0009-4:377a-18	sna ni nad du yid la bya'o //	377a	sna ni nad du yid la byed 
BO_K02_D0008-4_H0009-4:377a-19	sna ni shu bar yid la bya'o //	377a	sna ni shu ba yid la byed 
BO_K02_D0008-4_H0009-4:377a-20	sna ni zug rngur yid la bya'o //	377a	sna ni zug rngur yid la byed 
BO_K02_D0008-4_H0009-4:377a-21	sna ni sdig par yid la bya'o /	377a	sna ni sdig ba yid la byed 
BO_K02_D0008-4_H0009-4:377a-22	sna ni na bar yid la bya'o //	377a	sna ni na ba yid la byed 
BO_K02_D0008-4_H0009-4:377a-23	sna ni dgrar yid la bya'o //	377a	sna ni dgrar yid la byed 
BO_K02_D0008-4_H0009-4:377a-24	sna ni 'jig pa'i chos can du yid la bya'o //	377a	sna ni jig ba chos can du yid la byed 
BO_K02_D0008-4_H0009-4:377a-25	sna ni mi brtan par yid la bya'o //	377a	sna ni mi brtan ba yid la byed 
BO_K02_D0008-4_H0009-4:377a-26	sna ni 'jig par yid la bya'o //	377a	sna ni jig ba yid la byed 
BO_K02_D0008-4_H0009-4:377a-27	sna ni 'jigs par yid la bya'o //	377a	sna ni jigs ba yid la byed 
BO_K02_D0008-4_H0009-4:377a-28	sna ni 'go ba'i nad du yid la bya'o //	377a	sna ni go ba nad du yid la byed 
BO_K02_D0008-4_H0009-4:377a-29	sna ni stong pa nyid du yid la bya'o //	377a	sna ni stong ba nyid du yid la byed 
BO_K02_D0008-4_H0009-4:377a-30	sna ni bdag gi med par yid la bya'o //	377a	sna ni bdag gi med ba yid la byed 
BO_K02_D0008-4_H0009-4:377a-31	sna ni yid brtan du mi rung bar yid la bya'o //	377a	sna ni yid brtan du mi rung ba yid la byed 
BO_K02_D0008-4_H0009-4:377a-32	sna ni gnod par yid la bya'o //	377a	sna ni gnod ba yid la byed 
BO_K02_D0008-4_H0009-4:377a-33	rnam pa thams cad mkhyen pa nyid dang ldan pa'i sems bskyed pas /	377a	rnam ba thams cad mkhyen ba nyid dang ldan ba sems skyed ba 
BO_K02_D0008-4_H0009-4:377a-34	de mi dmigs pa'i tshul gyis /	377a	de mi dmigs ba tshul gyis 
BO_K02_D0008-4_H0009-4:377a-35	lce ni mi rtag par yid la bya'o //	377a	lce ni mi rtag ba yid la byed 
BO_K02_D0008-4_H0009-4:377b-0	lce ni sdug bsngal bar yid @377b la bya'o //	377b	lce ni sdug sngal ba yid la byed 
BO_K02_D0008-4_H0009-4:377b-1	lce ni bdag med par yid la bya'o //	377b	lce ni bdag med ba yid la byed 
BO_K02_D0008-4_H0009-4:377b-2	lce ni zhi bar yid la bya'o //	377b	lce ni zhi ba yid la byed 
BO_K02_D0008-4_H0009-4:377b-3	lce ni dben par yid la bya'o //	377b	lce ni dben ba yid la byed 
BO_K02_D0008-4_H0009-4:377b-4	lce ni nad du yid la bya'o //	377b	lce ni nad du yid la byed 
BO_K02_D0008-4_H0009-4:377b-5	lce ni shu bar yid la bya'o //	377b	lce ni shu ba yid la byed 
BO_K02_D0008-4_H0009-4:377b-6	lce ni zug rngur yid la bya'o //	377b	lce ni zug rngur yid la byed 
BO_K02_D0008-4_H0009-4:377b-7	lce ni sdig par yid la bya'o //	377b	lce ni sdig ba yid la byed 
BO_K02_D0008-4_H0009-4:377b-8	lce ni na bar yid la bya'o //	377b	lce ni na ba yid la byed 
BO_K02_D0008-4_H0009-4:377b-9	lce ni dgrar yid la bya'o //	377b	lce ni dgrar yid la byed 
BO_K02_D0008-4_H0009-4:377b-10	lce ni 'jig pa'i chos can du yid la bya'o //	377b	lce ni jig ba chos can du yid la byed 
BO_K02_D0008-4_H0009-4:377b-11	lce ni mi brtan par yid la bya'o //	377b	lce ni mi brtan ba yid la byed 
BO_K02_D0008-4_H0009-4:377b-12	lce ni 'jig par yid la bya'o //	377b	lce ni jig ba yid la byed 
BO_K02_D0008-4_H0009-4:377b-13	lce ni 'jigs par yid la bya'o //	377b	lce ni jigs ba yid la byed 
BO_K02_D0008-4_H0009-4:377b-14	lce ni 'go ba'i nad du yid la bya'o //	377b	lce ni go ba nad du yid la byed 
BO_K02_D0008-4_H0009-4:377b-15	lce ni stong pa nyid du yid la bya'o //	377b	lce ni stong ba nyid du yid la byed 
BO_K02_D0008-4_H0009-4:377b-16	lce ni bdag gi med par yid la bya'o //	377b	lce ni bdag gi med ba yid la byed 
BO_K02_D0008-4_H0009-4:377b-17	lce ni yid brten du mi rung bar yid la bya'o //	377b	lce ni yid rten du mi rung ba yid la byed 
BO_K02_D0008-4_H0009-4:377b-18	lce ni gnod par yid la bya'o //	377b	lce ni gnod ba yid la byed 
BO_K02_D0008-4_H0009-4:377b-19	rnam pa thams cad mkhyen pa nyid dang ldan pa'i sems bskyed pas /	377b	rnam ba thams cad mkhyen ba nyid dang ldan ba sems skyed ba 
BO_K02_D0008-4_H0009-4:377b-20	de mi dmigs pa'i tshul gyis /	377b	de mi dmigs ba tshul gyis 
BO_K02_D0008-4_H0009-4:377b-21	lus ni mi rtag par yid la bya'o //	377b	lus ni mi rtag ba yid la byed 
BO_K02_D0008-4_H0009-4:377b-22	lus ni sdug bsngal bar yid la bya'o //	377b	lus ni sdug sngal ba yid la byed 
BO_K02_D0008-4_H0009-4:377b-23	lus ni bdag med par yid la bya'o //	377b	lus ni bdag med ba yid la byed 
BO_K02_D0008-4_H0009-4:377b-24	lus ni zhi bar yid la bya'o //	377b	lus ni zhi ba yid la byed 
BO_K02_D0008-4_H0009-4:377b-25	lus ni dben par yid la bya'o //	377b	lus ni dben ba yid la byed 
BO_K02_D0008-4_H0009-4:377b-26	lus ni nad du yid la bya'o //	377b	lus ni nad du yid la byed 
BO_K02_D0008-4_H0009-4:377b-27	lus ni shu bar yid la bya'o //	377b	lus ni shu ba yid la byed 
BO_K02_D0008-4_H0009-4:377b-28	lus ni zug rngur yid la bya'o //	377b	lus ni zug rngur yid la byed 
BO_K02_D0008-4_H0009-4:377b-29	lus ni sdig par yid la bya'o //	377b	lus ni sdig ba yid la byed 
BO_K02_D0008-4_H0009-4:377b-30	lus ni na bar yid la bya'o //	377b	lus ni na ba yid la byed 
BO_K02_D0008-4_H0009-4:377b-31	lus ni dgrar yid la bya'o //	377b	lus ni dgrar yid la byed 
BO_K02_D0008-4_H0009-4:377b-32	lus ni 'jig pa'i chos can du yid la bya'o //	377b	lus ni jig ba chos can du yid la byed 
BO_K02_D0008-4_H0009-4:377b-33	lus ni mi brtan par yid la bya'o //	377b	lus ni mi brtan ba yid la byed 
BO_K02_D0008-4_H0009-4:377b-34	lus ni 'jig par yid la bya'o //	377b	lus ni jig ba yid la byed 
BO_K02_D0008-4_H0009-4:377b-35	lus ni 'jigs par yid la bya'o //	377b	lus ni jigs ba yid la byed 
BO_K02_D0008-4_H0009-4:377b-36	lus ni 'go ba'i nad du yid la bya'o //	377b	lus ni go ba nad du yid la byed 
BO_K02_D0008-4_H0009-4:377b-37	lus ni stong pa nyid du yid la bya'o //	377b	lus ni stong ba nyid du yid la byed 
BO_K02_D0008-4_H0009-4:377b-38	lus ni bdag gi med par yid la bya'o //	377b	lus ni bdag gi med ba yid la byed 
BO_K02_D0008-4_H0009-4:378a-0	lus ni yid brtan du mi @378a *//	378a	lus ni yid brtan du mi 
BO_K02_D0008-4_H0009-4:378a-1	rung bar yid la bya'o //	378a	rung ba yid la byed 
BO_K02_D0008-4_H0009-4:378a-2	lus ni gnod par yid la bya'o //	378a	lus ni gnod ba yid la byed 
BO_K02_D0008-4_H0009-4:378a-3	rnam pa thams cad mkhyen pa nyid dang ldan pa'i sems bskyed pas /	378a	rnam ba thams cad mkhyen ba nyid dang ldan ba sems skyed ba 
BO_K02_D0008-4_H0009-4:378a-4	de mi dmigs pa'i tshul gyis /	378a	de mi dmigs ba tshul gyis 
BO_K02_D0008-4_H0009-4:378a-5	yid ni mi rtag par yid la bya'o //	378a	yid ni mi rtag ba yid la byed 
BO_K02_D0008-4_H0009-4:378a-6	yid ni sdug bsngal bar yid la bya'o //	378a	yid ni sdug sngal ba yid la byed 
BO_K02_D0008-4_H0009-4:378a-7	yid ni bdag med par yid la bya'o //	378a	yid ni bdag med ba yid la byed 
BO_K02_D0008-4_H0009-4:378a-8	yid ni zhi bar yid la bya'o //	378a	yid ni zhi ba yid la byed 
BO_K02_D0008-4_H0009-4:378a-9	yid ni dben par yid la bya'o //	378a	yid ni dben ba yid la byed 
BO_K02_D0008-4_H0009-4:378a-10	yid ni nad du yid la bya'o //	378a	yid ni nad du yid la byed 
BO_K02_D0008-4_H0009-4:378a-11	yid ni shu bar yid la bya'o //	378a	yid ni shu ba yid la byed 
BO_K02_D0008-4_H0009-4:378a-12	yid ni zug rngur yid la bya'o //	378a	yid ni zug rngur yid la byed 
BO_K02_D0008-4_H0009-4:378a-13	yid ni sdig par yid la bya'o //	378a	yid ni sdig ba yid la byed 
BO_K02_D0008-4_H0009-4:378a-14	yid ni na bar yid la bya'o //	378a	yid ni na ba yid la byed 
BO_K02_D0008-4_H0009-4:378a-15	yid ni dgrar yid la bya'o //	378a	yid ni dgrar yid la byed 
BO_K02_D0008-4_H0009-4:378a-16	yid ni 'jig pa'i chos can du yid la bya'o //	378a	yid ni jig ba chos can du yid la byed 
BO_K02_D0008-4_H0009-4:378a-17	yid ni mi brtan par yid la bya'o //	378a	yid ni mi brtan ba yid la byed 
BO_K02_D0008-4_H0009-4:378a-18	yid ni 'jig par yid la bya'o //	378a	yid ni jig ba yid la byed 
BO_K02_D0008-4_H0009-4:378a-19	yid ni ni 'jigs par yid la bya'o //	378a	yid ni ni jigs ba yid la byed 
BO_K02_D0008-4_H0009-4:378a-20	yid ni 'go ba'i nad du yid la bya'o //	378a	yid ni go ba nad du yid la byed 
BO_K02_D0008-4_H0009-4:378a-21	yid ni stong pa nyid du yid la bya'o //	378a	yid ni stong ba nyid du yid la byed 
BO_K02_D0008-4_H0009-4:378a-22	yid ni bdag gi med par yid la bya'o //	378a	yid ni bdag gi med ba yid la byed 
BO_K02_D0008-4_H0009-4:378a-23	yid ni yid brtan du mi rung bar yid la bya'o //	378a	yid ni yid brtan du mi rung ba yid la byed 
BO_K02_D0008-4_H0009-4:378a-24	yid ni gnod par yid la bya'o //	378a	yid ni gnod ba yid la byed 
BO_K02_D0008-4_H0009-4:378a-25	rnam pa thams cad mkhyen pa nyid dang ldan pa'i sems bskyed pas /	378a	rnam ba thams cad mkhyen ba nyid dang ldan ba sems skyed ba 
BO_K02_D0008-4_H0009-4:378a-26	de mi dmigs pa'i tshul gyis /	378a	de mi dmigs ba tshul gyis 
BO_K02_D0008-4_H0009-4:378a-27	gzugs ni mi rtag par yid la bya'o //	378a	gzugs ni mi rtag ba yid la byed 
BO_K02_D0008-4_H0009-4:378a-28	gzugs ni sdug bsngal bar yid la bya'o //	378a	gzugs ni sdug sngal ba yid la byed 
BO_K02_D0008-4_H0009-4:378a-29	gzugs ni bdag med par yid la bya'o //	378a	gzugs ni bdag med ba yid la byed 
BO_K02_D0008-4_H0009-4:378a-30	gzugs ni zhi bar yid la bya'o //	378a	gzugs ni zhi ba yid la byed 
BO_K02_D0008-4_H0009-4:378a-31	gzugs ni dben par yid la bya'o //	378a	gzugs ni dben ba yid la byed 
BO_K02_D0008-4_H0009-4:378a-32	gzugs ni nad du yid la bya'o //	378a	gzugs ni nad du yid la byed 
BO_K02_D0008-4_H0009-4:378a-33	gzugs ni shu bar yid la bya'o //	378a	gzugs ni shu ba yid la byed 
BO_K02_D0008-4_H0009-4:378a-34	gzugs ni zug rngur yid la bya'o //	378a	gzugs ni zug rngur yid la byed 
BO_K02_D0008-4_H0009-4:378a-35	gzugs ni sdig par yid la bya'o //	378a	gzugs ni sdig ba yid la byed 
BO_K02_D0008-4_H0009-4:378b-0	gzugs @378b ni na bar yid la bya'o //	378b	gzugs ni na ba yid la byed 
BO_K02_D0008-4_H0009-4:378b-1	gzugs ni dgrar yid la bya'o //	378b	gzugs ni dgrar yid la byed 
BO_K02_D0008-4_H0009-4:378b-2	gzugs ni 'jig pa'i chos can du yid la bya'o //	378b	gzugs ni jig ba chos can du yid la byed 
BO_K02_D0008-4_H0009-4:378b-3	gzugs ni mi brtan par yid la bya'o //	378b	gzugs ni mi brtan ba yid la byed 
BO_K02_D0008-4_H0009-4:378b-4	gzugs ni 'jig par yid la bya'o //	378b	gzugs ni jig ba yid la byed 
BO_K02_D0008-4_H0009-4:378b-5	gzugs ni 'jigs par yid la bya'o //	378b	gzugs ni jigs ba yid la byed 
BO_K02_D0008-4_H0009-4:378b-6	gzugs ni 'go ba'i nad du yid la bya'o //	378b	gzugs ni go ba nad du yid la byed 
BO_K02_D0008-4_H0009-4:378b-7	gzugs ni stong pa nyid du yid la bya'o //	378b	gzugs ni stong ba nyid du yid la byed 
BO_K02_D0008-4_H0009-4:378b-8	gzugs ni bdag gi med par yid la bya'o //	378b	gzugs ni bdag gi med ba yid la byed 
BO_K02_D0008-4_H0009-4:378b-9	gzugs ni yid brtan du mi rung bar yid la bya'o //	378b	gzugs ni yid brtan du mi rung ba yid la byed 
BO_K02_D0008-4_H0009-4:378b-10	gzugs ni gnod par yid la bya'o //	378b	gzugs ni gnod ba yid la byed 
BO_K02_D0008-4_H0009-4:378b-11	rnam pa thams cad mkhyen pa nyid dang ldan pa'i sems bskyed pas /	378b	rnam ba thams cad mkhyen ba nyid dang ldan ba sems skyed ba 
BO_K02_D0008-4_H0009-4:378b-12	de mi dmigs pa'i tshul gyis /	378b	de mi dmigs ba tshul gyis 
BO_K02_D0008-4_H0009-4:378b-13	sgra ni mi rtag par yid la bya'o //	378b	sgra ni mi rtag ba yid la byed 
BO_K02_D0008-4_H0009-4:378b-14	sgra ni sdug bsngal bar yid la bya'o //	378b	sgra ni sdug sngal ba yid la byed 
BO_K02_D0008-4_H0009-4:378b-15	sgra ni bdag med par yid la bya'o //	378b	sgra ni bdag med ba yid la byed 
BO_K02_D0008-4_H0009-4:378b-16	sgra ni zhi bar yid la bya'o //	378b	sgra ni zhi ba yid la byed 
BO_K02_D0008-4_H0009-4:378b-17	sgra ni dben par yid la bya'o //	378b	sgra ni dben ba yid la byed 
BO_K02_D0008-4_H0009-4:378b-18	sgra ni nad du yid la bya'o //	378b	sgra ni nad du yid la byed 
BO_K02_D0008-4_H0009-4:378b-19	sgra ni shu bar yid la bya'o //	378b	sgra ni shu ba yid la byed 
BO_K02_D0008-4_H0009-4:378b-20	sgra ni zug rngur yid la bya'o //	378b	sgra ni zug rngur yid la byed 
BO_K02_D0008-4_H0009-4:378b-21	sgra ni sdig par yid la bya'o //	378b	sgra ni sdig ba yid la byed 
BO_K02_D0008-4_H0009-4:378b-22	sgra ni na bar yid la bya'o //	378b	sgra ni na ba yid la byed 
BO_K02_D0008-4_H0009-4:378b-23	sgra ni dgrar yid la bya'o //	378b	sgra ni dgrar yid la byed 
BO_K02_D0008-4_H0009-4:378b-24	sgra ni 'jig pa'i chos can du yid la bya'o //	378b	sgra ni jig ba chos can du yid la byed 
BO_K02_D0008-4_H0009-4:378b-25	sgra ni mi brtan par yid la bya'o //	378b	sgra ni mi brtan ba yid la byed 
BO_K02_D0008-4_H0009-4:378b-26	sgra ni 'jig par yid la bya'o //	378b	sgra ni jig ba yid la byed 
BO_K02_D0008-4_H0009-4:378b-27	sgra ni 'jigs par yid la bya'o //	378b	sgra ni jigs ba yid la byed 
BO_K02_D0008-4_H0009-4:378b-28	sgra ni 'go ba'i nad du yid la bya'o //	378b	sgra ni go ba nad du yid la byed 
BO_K02_D0008-4_H0009-4:378b-29	sgra ni stong pa nyid du yid la bya'o //	378b	sgra ni stong ba nyid du yid la byed 
BO_K02_D0008-4_H0009-4:378b-30	sgra ni bdag gi med par yid la bya'o //	378b	sgra ni bdag gi med ba yid la byed 
BO_K02_D0008-4_H0009-4:378b-31	sgra ni yid brtan du mi rung bar yid la bya'o //	378b	sgra ni yid brtan du mi rung ba yid la byed 
BO_K02_D0008-4_H0009-4:378b-32	sgra ni gnod par yid la bya'o //	378b	sgra ni gnod ba yid la byed 
BO_K02_D0008-4_H0009-4:378b-33	rnam pa thams cad mkhyen pa nyid dang ldan pa'i sems bskyed pas /	378b	rnam ba thams cad mkhyen ba nyid dang ldan ba sems skyed ba 
BO_K02_D0008-4_H0009-4:378b-34	de mi dmigs pa'i tshul gyis /	378b	de mi dmigs ba tshul gyis 
BO_K02_D0008-4_H0009-4:378b-35	dri ni mi rtag par yid la bya'o //	378b	dri ni mi rtag ba yid la byed 
BO_K02_D0008-4_H0009-4:379a-0	dri ni sdug @379a *//	379a	dri ni sdug 
BO_K02_D0008-4_H0009-4:379a-1	bsngal bar yid la bya'o //	379a	sngal ba yid la byed 
BO_K02_D0008-4_H0009-4:379a-2	dri ni bdag med par yid la bya'o //	379a	dri ni bdag med ba yid la byed 
BO_K02_D0008-4_H0009-4:379a-3	dri ni zhi bar yid la bya'o //	379a	dri ni zhi ba yid la byed 
BO_K02_D0008-4_H0009-4:379a-4	dri ni dben par yid la bya'o //	379a	dri ni dben ba yid la byed 
BO_K02_D0008-4_H0009-4:379a-5	dri ni nad du yid la bya'o //	379a	dri ni nad du yid la byed 
BO_K02_D0008-4_H0009-4:379a-6	dri ni shu bar yid la bya'o //	379a	dri ni shu ba yid la byed 
BO_K02_D0008-4_H0009-4:379a-7	dri ni zug rngur yid la bya'o //	379a	dri ni zug rngur yid la byed 
BO_K02_D0008-4_H0009-4:379a-8	dri ni sdig par yid la bya'o //	379a	dri ni sdig ba yid la byed 
BO_K02_D0008-4_H0009-4:379a-9	dri ni na bar yid la bya'o //	379a	dri ni na ba yid la byed 
BO_K02_D0008-4_H0009-4:379a-10	dri ni dgrar yid la bya'o //	379a	dri ni dgrar yid la byed 
BO_K02_D0008-4_H0009-4:379a-11	dri ni 'jig pa'i chos can du yid la bya'o //	379a	dri ni jig ba chos can du yid la byed 
BO_K02_D0008-4_H0009-4:379a-12	dri ni mi brtan par yid la bya'o //	379a	dri ni mi brtan ba yid la byed 
BO_K02_D0008-4_H0009-4:379a-13	dri ni 'jig par yid la bya'o //	379a	dri ni jig ba yid la byed 
BO_K02_D0008-4_H0009-4:379a-14	dri ni 'jigs par yid la bya'o //	379a	dri ni jigs ba yid la byed 
BO_K02_D0008-4_H0009-4:379a-15	dri ni 'go ba'i nad du yid la bya'o //	379a	dri ni go ba nad du yid la byed 
BO_K02_D0008-4_H0009-4:379a-16	dri ni stong pa nyid du yid la bya'o //	379a	dri ni stong ba nyid du yid la byed 
BO_K02_D0008-4_H0009-4:379a-17	dri ni bdag gi med par yid la bya'o //	379a	dri ni bdag gi med ba yid la byed 
BO_K02_D0008-4_H0009-4:379a-18	dri ni yid brtan du mi rung bar yid la bya'o //	379a	dri ni yid brtan du mi rung ba yid la byed 
BO_K02_D0008-4_H0009-4:379a-19	dri ni gnod par yid la bya'o //	379a	dri ni gnod ba yid la byed 
BO_K02_D0008-4_H0009-4:379a-20	rnam pa thams cad mkhyen pa nyid dang ldan pa'i sems bskyed pas /	379a	rnam ba thams cad mkhyen ba nyid dang ldan ba sems skyed ba 
BO_K02_D0008-4_H0009-4:379a-21	de mi dmigs pa'i tshul gyis /	379a	de mi dmigs ba tshul gyis 
BO_K02_D0008-4_H0009-4:379a-22	ro ni mi rtag par yid la bya'o //	379a	ro ni mi rtag ba yid la byed 
BO_K02_D0008-4_H0009-4:379a-23	ro ni sdug bsngal bar yid la bya'o //	379a	ro ni sdug sngal ba yid la byed 
BO_K02_D0008-4_H0009-4:379a-24	ro ni bdag med par yid la bya'o //	379a	ro ni bdag med ba yid la byed 
BO_K02_D0008-4_H0009-4:379a-25	ro ni zhi bar yid la bya'o //	379a	ro ni zhi ba yid la byed 
BO_K02_D0008-4_H0009-4:379a-26	ro ni dben par yid la bya'o //	379a	ro ni dben ba yid la byed 
BO_K02_D0008-4_H0009-4:379a-27	ro ni nad du yid la bya'o //	379a	ro ni nad du yid la byed 
BO_K02_D0008-4_H0009-4:379a-28	ro ni shu bar yid la bya'o //	379a	ro ni shu ba yid la byed 
BO_K02_D0008-4_H0009-4:379a-29	ro ni zug rngur yid la bya'o //	379a	ro ni zug rngur yid la byed 
BO_K02_D0008-4_H0009-4:379a-30	ro ni sdig par yid la bya'o //	379a	ro ni sdig ba yid la byed 
BO_K02_D0008-4_H0009-4:379a-31	ro ni na bar yid la bya'o //	379a	ro ni na ba yid la byed 
BO_K02_D0008-4_H0009-4:379a-32	ro ni dgrar yid la bya'o //	379a	ro ni dgrar yid la byed 
BO_K02_D0008-4_H0009-4:379a-33	ro ni 'jig pa'i chos can du yid la bya'o //	379a	ro ni jig ba chos can du yid la byed 
BO_K02_D0008-4_H0009-4:379a-34	ro ni mi brtan par yid la bya'o //	379a	ro ni mi brtan ba yid la byed 
BO_K02_D0008-4_H0009-4:379a-35	ro ni 'jig par yid la bya'o //	379a	ro ni jig ba yid la byed 
BO_K02_D0008-4_H0009-4:379a-36	ro ni 'jigs par yid la bya'o //	379a	ro ni jigs ba yid la byed 
BO_K02_D0008-4_H0009-4:379a-37	ro ni 'go ba'i nad du yid la bya'o //	379a	ro ni go ba nad du yid la byed 
BO_K02_D0008-4_H0009-4:379b-0	ro ni stong pa @379b nyid du yid la bya'o //	379b	ro ni stong ba nyid du yid la byed 
BO_K02_D0008-4_H0009-4:379b-1	ro ni bdag gi med par yid la bya'o //	379b	ro ni bdag gi med ba yid la byed 
BO_K02_D0008-4_H0009-4:379b-2	ro ni yid brtan du mi rung bar yid la bya'o //	379b	ro ni yid brtan du mi rung ba yid la byed 
BO_K02_D0008-4_H0009-4:379b-3	ro ni gnod par yid la bya'o //	379b	ro ni gnod ba yid la byed 
BO_K02_D0008-4_H0009-4:379b-4	rnam pa thams cad mkhyen pa nyid dang ldan pa'i sems bskyed pas /	379b	rnam ba thams cad mkhyen ba nyid dang ldan ba sems skyed ba 
BO_K02_D0008-4_H0009-4:379b-5	de mi dmigs pa'i tshul gyis /	379b	de mi dmigs ba tshul gyis 
BO_K02_D0008-4_H0009-4:379b-6	reg ni mi rtag par yid la bya'o //	379b	reg ni mi rtag ba yid la byed 
BO_K02_D0008-4_H0009-4:379b-7	reg ni sdug bsngal bar yid la bya'o //	379b	reg ni sdug sngal ba yid la byed 
BO_K02_D0008-4_H0009-4:379b-8	reg ni bdag med par yid la bya'o //	379b	reg ni bdag med ba yid la byed 
BO_K02_D0008-4_H0009-4:379b-9	reg ni zhi bar yid la bya'o //	379b	reg ni zhi ba yid la byed 
BO_K02_D0008-4_H0009-4:379b-10	reg ni dben par yid la bya'o //	379b	reg ni dben ba yid la byed 
BO_K02_D0008-4_H0009-4:379b-11	reg ni nad du yid la bya'o //	379b	reg ni nad du yid la byed 
BO_K02_D0008-4_H0009-4:379b-12	reg ni shu bar yid la bya'o //	379b	reg ni shu ba yid la byed 
BO_K02_D0008-4_H0009-4:379b-13	reg ni zug rngur yid la bya'o //	379b	reg ni zug rngur yid la byed 
BO_K02_D0008-4_H0009-4:379b-14	reg ni sdig par yid la bya'o //	379b	reg ni sdig ba yid la byed 
BO_K02_D0008-4_H0009-4:379b-15	reg ni na bar yid la bya'o //	379b	reg ni na ba yid la byed 
BO_K02_D0008-4_H0009-4:379b-16	reg ni dgrar yid la bya'o //	379b	reg ni dgrar yid la byed 
BO_K02_D0008-4_H0009-4:379b-17	reg ni 'jig pa'i chos can du yid la bya'o //	379b	reg ni jig ba chos can du yid la byed 
BO_K02_D0008-4_H0009-4:379b-18	reg ni mi brtan par yid la bya'o //	379b	reg ni mi brtan ba yid la byed 
BO_K02_D0008-4_H0009-4:379b-19	reg ni 'jig par yid la bya'o //	379b	reg ni jig ba yid la byed 
BO_K02_D0008-4_H0009-4:379b-20	reg ni 'jigs par yid la bya'o //	379b	reg ni jigs ba yid la byed 
BO_K02_D0008-4_H0009-4:379b-21	reg ni 'go ba'i nad du yid la bya'o //	379b	reg ni go ba nad du yid la byed 
BO_K02_D0008-4_H0009-4:379b-22	reg ni stong pa nyid du yid la bya'o //	379b	reg ni stong ba nyid du yid la byed 
BO_K02_D0008-4_H0009-4:379b-23	reg ni bdag gi med par yid la bya'o //	379b	reg ni bdag gi med ba yid la byed 
BO_K02_D0008-4_H0009-4:379b-24	reg ni yid brtan du mi rung bar yid la bya'o //	379b	reg ni yid brtan du mi rung ba yid la byed 
BO_K02_D0008-4_H0009-4:379b-25	reg ni gnod par yid la bya'o //	379b	reg ni gnod ba yid la byed 
BO_K02_D0008-4_H0009-4:379b-26	rnam pa thams cad mkhyen pa nyid dang ldan pa'i sems bskyed pas /	379b	rnam ba thams cad mkhyen ba nyid dang ldan ba sems skyed ba 
BO_K02_D0008-4_H0009-4:379b-27	de mi dmigs pa'i tshul gyis /	379b	de mi dmigs ba tshul gyis 
BO_K02_D0008-4_H0009-4:379b-28	chos ni mi rtag par yid la bya'o //	379b	chos ni mi rtag ba yid la byed 
BO_K02_D0008-4_H0009-4:379b-29	chos ni sdug bsngal bar yid la bya'o //	379b	chos ni sdug sngal ba yid la byed 
BO_K02_D0008-4_H0009-4:379b-30	chos ni bdag med par yid la bya'o //	379b	chos ni bdag med ba yid la byed 
BO_K02_D0008-4_H0009-4:379b-31	chos ni zhi bar yid la bya'o //	379b	chos ni zhi ba yid la byed 
BO_K02_D0008-4_H0009-4:380a-0	chos ni dben par yid la @380a *//	380a	chos ni dben ba yid la 
BO_K02_D0008-4_H0009-4:380a-1	bya'o // chos ni nad du yid la bya'o //	380a	byed chos ni nad du yid la byed 
BO_K02_D0008-4_H0009-4:380a-2	chos ni shu par yid la bya'o //	380a	chos ni shu ba yid la byed 
BO_K02_D0008-4_H0009-4:380a-3	chos ni zug rngur yid la bya'o //	380a	chos ni zug rngur yid la byed 
BO_K02_D0008-4_H0009-4:380a-4	chos ni sdig par yid la bya'o //	380a	chos ni sdig ba yid la byed 
BO_K02_D0008-4_H0009-4:380a-5	chos ni na bar yid la bya'o //	380a	chos ni na ba yid la byed 
BO_K02_D0008-4_H0009-4:380a-6	chos ni dgrar yid la bya'o //	380a	chos ni dgrar yid la byed 
BO_K02_D0008-4_H0009-4:380a-7	chos ni 'jig pa'i chos can du yid la bya'o //	380a	chos ni jig ba chos can du yid la byed 
BO_K02_D0008-4_H0009-4:380a-8	chos ni mi brtan par yid la bya'o //	380a	chos ni mi brtan ba yid la byed 
BO_K02_D0008-4_H0009-4:380a-9	chos ni 'jig par yid la bya'o //	380a	chos ni jig ba yid la byed 
BO_K02_D0008-4_H0009-4:380a-10	chos ni 'jigs par yid la bya'o //	380a	chos ni jigs ba yid la byed 
BO_K02_D0008-4_H0009-4:380a-11	chos ni 'go ba'i nad du yid la bya'o //	380a	chos ni go ba nad du yid la byed 
BO_K02_D0008-4_H0009-4:380a-12	chos ni stong pa nyid du yid la bya'o //	380a	chos ni stong ba nyid du yid la byed 
BO_K02_D0008-4_H0009-4:380a-13	chos ni bdag gi med par yid la bya'o //	380a	chos ni bdag gi med ba yid la byed 
BO_K02_D0008-4_H0009-4:380a-14	chos ni yid brtan du mi rung bar yid la bya'o //	380a	chos ni yid brtan du mi rung ba yid la byed 
BO_K02_D0008-4_H0009-4:380a-15	chos ni gnod par yid la bya'o //	380a	chos ni gnod ba yid la byed 
BO_K02_D0008-4_H0009-4:380a-16	rnam pa thams cad mkhyen pa nyid dang ldan pa'i sems bskyed pas /	380a	rnam ba thams cad mkhyen ba nyid dang ldan ba sems skyed ba 
BO_K02_D0008-4_H0009-4:380a-17	de mi dmigs pa'i tshul gyis /	380a	de mi dmigs ba tshul gyis 
BO_K02_D0008-4_H0009-4:380a-18	mig gi rnam par shes pa ni mi rtag par yid la bya'o //	380a	mig gi rnam ba shes ba ni mi rtag ba yid la byed 
BO_K02_D0008-4_H0009-4:380a-19	mig gi rnam par shes pa ni sdug bsngal bar yid la bya'o //	380a	mig gi rnam ba shes ba ni sdug sngal ba yid la byed 
BO_K02_D0008-4_H0009-4:380a-20	mig gi rnam par shes pa ni bdag med par yid la bya'o //	380a	mig gi rnam ba shes ba ni bdag med ba yid la byed 
BO_K02_D0008-4_H0009-4:380a-21	mig gi rnam par shes pa ni zhi bar yid la bya'o //	380a	mig gi rnam ba shes ba ni zhi ba yid la byed 
BO_K02_D0008-4_H0009-4:380a-22	mig gi rnam par shes pa ni dben par yid la bya'o //	380a	mig gi rnam ba shes ba ni dben ba yid la byed 
BO_K02_D0008-4_H0009-4:380a-23	mig gi rnam par shes pa ni nad du yid la bya'o //	380a	mig gi rnam ba shes ba ni nad du yid la byed 
BO_K02_D0008-4_H0009-4:380a-24	mig gi rnam par shes pa ni shu bar yid la bya'o //	380a	mig gi rnam ba shes ba ni shu ba yid la byed 
BO_K02_D0008-4_H0009-4:380a-25	mig gi rnam par shes pa ni zug rngur yid la bya'o //	380a	mig gi rnam ba shes ba ni zug rngur yid la byed 
BO_K02_D0008-4_H0009-4:380a-26	mig gi rnam par shes pa ni sdig par yid la bya'o //	380a	mig gi rnam ba shes ba ni sdig ba yid la byed 
BO_K02_D0008-4_H0009-4:380b-0	mig gi rnam par shes pa ni na bar yid @380b la bya'o //	380b	mig gi rnam ba shes ba ni na ba yid la byed 
BO_K02_D0008-4_H0009-4:380b-1	mig gi rnam par shes pa ni dgrar yid la bya'o //	380b	mig gi rnam ba shes ba ni dgrar yid la byed 
BO_K02_D0008-4_H0009-4:380b-2	mig gi rnam par shes pa ni 'jig pa'i chos can du yid la bya'o //	380b	mig gi rnam ba shes ba ni jig ba chos can du yid la byed 
BO_K02_D0008-4_H0009-4:380b-3	mig gi rnam par shes pa ni mi brtan par yid la bya'o //	380b	mig gi rnam ba shes ba ni mi brtan ba yid la byed 
BO_K02_D0008-4_H0009-4:380b-4	mig gi rnam par shes pa ni 'jig par yid la bya'o //	380b	mig gi rnam ba shes ba ni jig ba yid la byed 
BO_K02_D0008-4_H0009-4:380b-5	mig gi rnam par shes pa ni 'jigs par yid la bya'o //	380b	mig gi rnam ba shes ba ni jigs ba yid la byed 
BO_K02_D0008-4_H0009-4:380b-6	mig gi rnam par shes pa ni 'go ba'i nad du yid la bya'o //	380b	mig gi rnam ba shes ba ni go ba nad du yid la byed 
BO_K02_D0008-4_H0009-4:380b-7	mig gi rnam par shes pa ni stong pa nyid du yid la bya'o //	380b	mig gi rnam ba shes ba ni stong ba nyid du yid la byed 
BO_K02_D0008-4_H0009-4:380b-8	mig gi rnam par shes pa ni bdag gi med par yid la bya'o //	380b	mig gi rnam ba shes ba ni bdag gi med ba yid la byed 
BO_K02_D0008-4_H0009-4:380b-9	mig gi rnam par shes pa ni yid brtan du mi rung bar yid la bya'o //	380b	mig gi rnam ba shes ba ni yid brtan du mi rung ba yid la byed 
BO_K02_D0008-4_H0009-4:380b-10	mig gi rnam par shes pa ni gnod par yid la bya'o //	380b	mig gi rnam ba shes ba ni gnod ba yid la byed 
BO_K02_D0008-4_H0009-4:380b-11	rnam pa thams cad mkhyen pa nyid dang ldan pa'i sems bskyed pas /	380b	rnam ba thams cad mkhyen ba nyid dang ldan ba sems skyed ba 
BO_K02_D0008-4_H0009-4:380b-12	de mi dmigs pa'i tshul gyis /	380b	de mi dmigs ba tshul gyis 
BO_K02_D0008-4_H0009-4:380b-13	rna ba'i rnam par shes pa ni mi rtag par yid la bya'o //	380b	rna ba rnam ba shes ba ni mi rtag ba yid la byed 
BO_K02_D0008-4_H0009-4:380b-14	rna ba'i rnam par shes pa ni sdug bsngal bar yid la bya'o //	380b	rna ba rnam ba shes ba ni sdug sngal ba yid la byed 
BO_K02_D0008-4_H0009-4:380b-15	rna ba'i rnam par shes pa ni bdag med par yid la bya'o //	380b	rna ba rnam ba shes ba ni bdag med ba yid la byed 
BO_K02_D0008-4_H0009-4:380b-16	rna ba'i rnam par shes pa ni zhi bar yid la bya'o //	380b	rna ba rnam ba shes ba ni zhi ba yid la byed 
BO_K02_D0008-4_H0009-4:380b-17	rna ba'i rnam par shes pa ni dben par yid la bya'o //	380b	rna ba rnam ba shes ba ni dben ba yid la byed 
BO_K02_D0008-4_H0009-4:380b-18	rna ba'i rnam par shes pa ni nad du yid la bya'o //	380b	rna ba rnam ba shes ba ni nad du yid la byed 
BO_K02_D0008-4_H0009-4:380b-19	rna ba'i rnam par shes pa ni shu bar yid la bya'o //	380b	rna ba rnam ba shes ba ni shu ba yid la byed 
BO_K02_D0008-4_H0009-4:380b-20	rna ba'i rnam par shes pa ni zug rngur yid la bya'o //	380b	rna ba rnam ba shes ba ni zug rngur yid la byed 
BO_K02_D0008-4_H0009-4:380b-21	rna ba'i rnam par shes pa ni sdig par yid la bya'o //	380b	rna ba rnam ba shes ba ni sdig ba yid la byed 
BO_K02_D0008-4_H0009-4:380b-22	rna ba'i rnam par shes pa ni na bar yid la bya'o //	380b	rna ba rnam ba shes ba ni na ba yid la byed 
BO_K02_D0008-4_H0009-4:380b-23	rna ba'i rnam par shes pa ni dgrar yid la bya'o //	380b	rna ba rnam ba shes ba ni dgrar yid la byed 
BO_K02_D0008-4_H0009-4:381a-0	@381a *// rna ba'i rnam par shes pa ni 'jig pa'i chos can du yid la bya'o //	381a	rna ba rnam ba shes ba ni jig ba chos can du yid la byed 
BO_K02_D0008-4_H0009-4:381a-1	rna ba'i rnam par shes pa ni mi brtan par yid la bya'o //	381a	rna ba rnam ba shes ba ni mi brtan ba yid la byed 
BO_K02_D0008-4_H0009-4:381a-2	rna ba'i rnam par shes pa ni 'jig par yid la bya'o //	381a	rna ba rnam ba shes ba ni jig ba yid la byed 
BO_K02_D0008-4_H0009-4:381a-3	rna ba'i rnam par shes pa ni 'jigs par yid la bya'o //	381a	rna ba rnam ba shes ba ni jigs ba yid la byed 
BO_K02_D0008-4_H0009-4:381a-4	rna ba'i rnam par shes pa ni 'go ba'i nad du yid la bya'o //	381a	rna ba rnam ba shes ba ni go ba nad du yid la byed 
BO_K02_D0008-4_H0009-4:381a-5	rna ba'i rnam par shes pa ni stong pa nyid du yid la bya'o //	381a	rna ba rnam ba shes ba ni stong ba nyid du yid la byed 
BO_K02_D0008-4_H0009-4:381a-6	rna ba'i rnam par shes pa ni bdag gi med par yid la bya'o //	381a	rna ba rnam ba shes ba ni bdag gi med ba yid la byed 
BO_K02_D0008-4_H0009-4:381a-7	rna ba'i rnam par shes pa ni yid brtan du mi rung bar yid la bya'o //	381a	rna ba rnam ba shes ba ni yid brtan du mi rung ba yid la byed 
BO_K02_D0008-4_H0009-4:381a-8	rna ba'i rnam par shes pa ni gnod par yid la bya'o //	381a	rna ba rnam ba shes ba ni gnod ba yid la byed 
BO_K02_D0008-4_H0009-4:381a-9	rnam pa thams cad mkhyen pa nyid dang ldan pa'i sems bskyed pas /	381a	rnam ba thams cad mkhyen ba nyid dang ldan ba sems skyed ba 
BO_K02_D0008-4_H0009-4:381a-10	de mi dmigs pa'i tshul gyis /	381a	de mi dmigs ba tshul gyis 
BO_K02_D0008-4_H0009-4:381a-11	sna'i rnam par shes pa ni mi rtag par yid la bya'o //	381a	sna rnam ba shes ba ni mi rtag ba yid la byed 
BO_K02_D0008-4_H0009-4:381a-12	sna'i rnam par shes pa ni sdug bsngal bar yid la bya'o //	381a	sna rnam ba shes ba ni sdug sngal ba yid la byed 
BO_K02_D0008-4_H0009-4:381a-13	sna'i rnam par shes pa ni bdag med par yid la bya'o //	381a	sna rnam ba shes ba ni bdag med ba yid la byed 
BO_K02_D0008-4_H0009-4:381a-14	sna'i rnam par shes pa ni zhi bar yid la bya'o //	381a	sna rnam ba shes ba ni zhi ba yid la byed 
BO_K02_D0008-4_H0009-4:381a-15	sna'i rnam par shes pa ni dben par yid la bya'o //	381a	sna rnam ba shes ba ni dben ba yid la byed 
BO_K02_D0008-4_H0009-4:381a-16	sna'i rnam par shes pa ni nad du yid la bya'o //	381a	sna rnam ba shes ba ni nad du yid la byed 
BO_K02_D0008-4_H0009-4:381a-17	sna'i rnam par shes pa ni shu bar yid la bya'o //	381a	sna rnam ba shes ba ni shu ba yid la byed 
BO_K02_D0008-4_H0009-4:381a-18	sna'i rnam par shes pa ni zug rngur yid la bya'o //	381a	sna rnam ba shes ba ni zug rngur yid la byed 
BO_K02_D0008-4_H0009-4:381a-19	sna'i rnam par shes pa ni sdig par yid la bya'o //	381a	sna rnam ba shes ba ni sdig ba yid la byed 
BO_K02_D0008-4_H0009-4:381a-20	sna'i rnam par shes pa ni na bar yid la bya'o //	381a	sna rnam ba shes ba ni na ba yid la byed 
BO_K02_D0008-4_H0009-4:381a-21	sna'i rnam par shes pa ni dgrar yid la bya'o //	381a	sna rnam ba shes ba ni dgrar yid la byed 
BO_K02_D0008-4_H0009-4:381b-0	sna'i rnam par shes @381b pa ni 'jig pa'i chos can du yid la bya'o //	381b	sna rnam ba shes ba ni jig ba chos can du yid la byed 
BO_K02_D0008-4_H0009-4:381b-1	sna'i rnam par shes pa ni mi brtan par yid la bya'o //	381b	sna rnam ba shes ba ni mi brtan ba yid la byed 
BO_K02_D0008-4_H0009-4:381b-2	sna'i rnam par shes pa ni 'jig par yid la bya'o //	381b	sna rnam ba shes ba ni jig ba yid la byed 
BO_K02_D0008-4_H0009-4:381b-3	sna'i rnam par shes pa ni 'jigs par yid la bya'o //	381b	sna rnam ba shes ba ni jigs ba yid la byed 
BO_K02_D0008-4_H0009-4:381b-4	sna'i rnam par shes pa ni 'go ba'i nad du yid la bya'o //	381b	sna rnam ba shes ba ni go ba nad du yid la byed 
BO_K02_D0008-4_H0009-4:381b-5	sna'i rnam par shes pa ni stong pa nyid du yid la bya'o //	381b	sna rnam ba shes ba ni stong ba nyid du yid la byed 
BO_K02_D0008-4_H0009-4:381b-6	sna'i rnam par shes pa ni bdag gi med par yid la bya'o //	381b	sna rnam ba shes ba ni bdag gi med ba yid la byed 
BO_K02_D0008-4_H0009-4:381b-7	sna'i rnam par shes pa ni yid brtan du mi rung bar yid la bya'o //	381b	sna rnam ba shes ba ni yid brtan du mi rung ba yid la byed 
BO_K02_D0008-4_H0009-4:381b-8	sna'i rnam par shes pa ni gnod par yid la bya'o //	381b	sna rnam ba shes ba ni gnod ba yid la byed 
BO_K02_D0008-4_H0009-4:381b-9	rnam pa thams cad mkhyen pa nyid dang ldan pa'i sems bskyed pas /	381b	rnam ba thams cad mkhyen ba nyid dang ldan ba sems skyed ba 
BO_K02_D0008-4_H0009-4:381b-10	de mi dmigs pa'i tshul gyis /	381b	de mi dmigs ba tshul gyis 
BO_K02_D0008-4_H0009-4:381b-11	lce'i rnam par shes pa ni mi rtag par yid la bya'o //	381b	lce rnam ba shes ba ni mi rtag ba yid la byed 
BO_K02_D0008-4_H0009-4:381b-12	lce'i rnam par shes pa ni sdug bsngal bar yid la bya'o //	381b	lce rnam ba shes ba ni sdug sngal ba yid la byed 
BO_K02_D0008-4_H0009-4:381b-13	lce'i rnam par shes pa ni bdag med par yid la bya'o //	381b	lce rnam ba shes ba ni bdag med ba yid la byed 
BO_K02_D0008-4_H0009-4:381b-14	lce'i rnam par shes pa ni zhi bar yid la bya'o //	381b	lce rnam ba shes ba ni zhi ba yid la byed 
BO_K02_D0008-4_H0009-4:381b-15	lce'i rnam par shes pa ni dben par yid la bya'o //	381b	lce rnam ba shes ba ni dben ba yid la byed 
BO_K02_D0008-4_H0009-4:381b-16	lce'i rnam par shes pa ni nad du yid la bya'o //	381b	lce rnam ba shes ba ni nad du yid la byed 
BO_K02_D0008-4_H0009-4:381b-17	lce'i rnam par shes pa ni shu bar yid la bya'o //	381b	lce rnam ba shes ba ni shu ba yid la byed 
BO_K02_D0008-4_H0009-4:381b-18	lce'i rnam par shes pa ni zug rngur yid la bya'o //	381b	lce rnam ba shes ba ni zug rngur yid la byed 
BO_K02_D0008-4_H0009-4:381b-19	lce'i rnam par shes pa ni sdig par yid la bya'o //	381b	lce rnam ba shes ba ni sdig ba yid la byed 
BO_K02_D0008-4_H0009-4:381b-20	lce'i rnam par shes pa ni na bar yid la bya'o //	381b	lce rnam ba shes ba ni na ba yid la byed 
BO_K02_D0008-4_H0009-4:381b-21	lce'i rnam par shes pa ni dgrar yid la bya'o //	381b	lce rnam ba shes ba ni dgrar yid la byed 
BO_K02_D0008-4_H0009-4:381b-22	lce'i rnam par shes pa ni 'jig pa'i chos can du yid la bya'o //	381b	lce rnam ba shes ba ni jig ba chos can du yid la byed 
BO_K02_D0008-4_H0009-4:381b-23	lce'i rnam par shes pa ni mi brtan par yid la bya'o /	381b	lce rnam ba shes ba ni mi brtan ba yid la byed 
BO_K02_D0008-4_H0009-4:382a-0	lce'i rnam par shes @382a *//	382a	lce rnam ba shes 
BO_K02_D0008-4_H0009-4:382a-1	pa ni 'jig par yid la bya'o //	382a	ba ni jig ba yid la byed 
BO_K02_D0008-4_H0009-4:382a-2	lce'i rnam par shes pa ni 'jigs par yid la bya'o //	382a	lce rnam ba shes ba ni jigs ba yid la byed 
BO_K02_D0008-4_H0009-4:382a-3	lce'i rnam par shes pa ni 'go ba'i nang du yid la bya'o //	382a	lce rnam ba shes ba ni go ba nang du yid la byed 
BO_K02_D0008-4_H0009-4:382a-4	lce'i rnam par shes pa ni stong pa nyid du yid la bya'o //	382a	lce rnam ba shes ba ni stong ba nyid du yid la byed 
BO_K02_D0008-4_H0009-4:382a-5	lce'i rnam par shes pa ni bdag gi med par yid la bya'o //	382a	lce rnam ba shes ba ni bdag gi med ba yid la byed 
BO_K02_D0008-4_H0009-4:382a-6	lce'i rnam par shes pa ni yid brtan du mi rung bar yid la bya'o //	382a	lce rnam ba shes ba ni yid brtan du mi rung ba yid la byed 
BO_K02_D0008-4_H0009-4:382a-7	lce'i rnam par shes pa ni gnod par yid la bya'o //	382a	lce rnam ba shes ba ni gnod ba yid la byed 
BO_K02_D0008-4_H0009-4:382a-8	rnam pa thams cad mkhyen pa nyid dang ldan pa'i sems bskyed pas /	382a	rnam ba thams cad mkhyen ba nyid dang ldan ba sems skyed ba 
BO_K02_D0008-4_H0009-4:382a-9	de mi dmigs pa'i tshul gyis /	382a	de mi dmigs ba tshul gyis 
BO_K02_D0008-4_H0009-4:382a-10	lus kyi rnam par shes pa ni mi rtag par yid la bya'o //	382a	lus kyi rnam ba shes ba ni mi rtag ba yid la byed 
BO_K02_D0008-4_H0009-4:382a-11	lus kyi rnam par shes pa ni sdug bsngal bar yid la bya'o //	382a	lus kyi rnam ba shes ba ni sdug sngal ba yid la byed 
BO_K02_D0008-4_H0009-4:382a-12	lus kyi rnam par shes pa ni bdag med par yid la bya'o //	382a	lus kyi rnam ba shes ba ni bdag med ba yid la byed 
BO_K02_D0008-4_H0009-4:382a-13	lus kyi rnam par shes pa ni zhi bar yid la bya'o //	382a	lus kyi rnam ba shes ba ni zhi ba yid la byed 
BO_K02_D0008-4_H0009-4:382a-14	lus kyi rnam par shes pa ni dben par yid la bya'o //	382a	lus kyi rnam ba shes ba ni dben ba yid la byed 
BO_K02_D0008-4_H0009-4:382a-15	lus kyi rnam par shes pa ni nang du yid la bya'o //	382a	lus kyi rnam ba shes ba ni nang du yid la byed 
BO_K02_D0008-4_H0009-4:382a-16	lus kyi rnam par shes pa ni shu bar yid la bya'o //	382a	lus kyi rnam ba shes ba ni shu ba yid la byed 
BO_K02_D0008-4_H0009-4:382a-17	lus kyi rnam par shes pa ni zug rngur yid la bya'o //	382a	lus kyi rnam ba shes ba ni zug rngur yid la byed 
BO_K02_D0008-4_H0009-4:382a-18	lus kyi rnam par shes pa ni sdig par yid la bya'o //	382a	lus kyi rnam ba shes ba ni sdig ba yid la byed 
BO_K02_D0008-4_H0009-4:382a-19	lus kyi rnam par shes pa ni na bar yid la bya'o //	382a	lus kyi rnam ba shes ba ni na ba yid la byed 
BO_K02_D0008-4_H0009-4:382a-20	lus kyi rnam par shes pa ni dgrar yid la bya'o //	382a	lus kyi rnam ba shes ba ni dgrar yid la byed 
BO_K02_D0008-4_H0009-4:382a-21	lus kyi rnam par shes pa ni 'jig pa'i chos can du yid la bya'o //	382a	lus kyi rnam ba shes ba ni jig ba chos can du yid la byed 
BO_K02_D0008-4_H0009-4:382a-22	lus kyi rnam par shes pa ni mi brtan par yid la bya'o //	382a	lus kyi rnam ba shes ba ni mi brtan ba yid la byed 
BO_K02_D0008-4_H0009-4:382b-0	@382b lus kyi rnam par shes pa ni 'jig par yid la bya'o //	382b	lus kyi rnam ba shes ba ni jig ba yid la byed 
BO_K02_D0008-4_H0009-4:382b-1	lus kyi rnam par shes pa ni 'jigs par yid la bya'o //	382b	lus kyi rnam ba shes ba ni jigs ba yid la byed 
BO_K02_D0008-4_H0009-4:382b-2	lus kyi rnam par shes pa ni 'go ba'i nad du yid la bya'o //	382b	lus kyi rnam ba shes ba ni go ba nad du yid la byed 
BO_K02_D0008-4_H0009-4:382b-3	lus kyi rnam par shes pa ni stong pa nyid du yid la bya'o //	382b	lus kyi rnam ba shes ba ni stong ba nyid du yid la byed 
BO_K02_D0008-4_H0009-4:382b-4	lus kyi rnam par shes pa ni bdag gi med par yid la bya'o //	382b	lus kyi rnam ba shes ba ni bdag gi med ba yid la byed 
BO_K02_D0008-4_H0009-4:382b-5	lus kyi rnam par shes pa ni yid brtan du mi rung bar yid la bya'o //	382b	lus kyi rnam ba shes ba ni yid brtan du mi rung ba yid la byed 
BO_K02_D0008-4_H0009-4:382b-6	lus kyi rnam par shes pa ni gnod par yid la bya'o //	382b	lus kyi rnam ba shes ba ni gnod ba yid la byed 
BO_K02_D0008-4_H0009-4:382b-7	rnam pa thams cad mkhyen pa nyid dang ldan pa'i sems bskyed pas /	382b	rnam ba thams cad mkhyen ba nyid dang ldan ba sems skyed ba 
BO_K02_D0008-4_H0009-4:382b-8	de mi dmigs pa'i tshul gyis /	382b	de mi dmigs ba tshul gyis 
BO_K02_D0008-4_H0009-4:382b-9	yid kyi rnam par shes pa ni mi rtag par yid la bya'o //	382b	yid kyi rnam ba shes ba ni mi rtag ba yid la byed 
BO_K02_D0008-4_H0009-4:382b-10	yid kyi rnam par shes pa ni sdug bsngal bar yid la bya'o //	382b	yid kyi rnam ba shes ba ni sdug sngal ba yid la byed 
BO_K02_D0008-4_H0009-4:382b-11	yid kyi rnam par shes pa ni bdag med par yid la bya'o //	382b	yid kyi rnam ba shes ba ni bdag med ba yid la byed 
BO_K02_D0008-4_H0009-4:382b-12	yid kyi rnam par shes pa ni zhi bar yid la bya'o //	382b	yid kyi rnam ba shes ba ni zhi ba yid la byed 
BO_K02_D0008-4_H0009-4:382b-13	yid kyi rnam par shes pa ni dben par yid la bya'o //	382b	yid kyi rnam ba shes ba ni dben ba yid la byed 
BO_K02_D0008-4_H0009-4:382b-14	yid kyi rnam par shes pa ni nang du yid la bya'o //	382b	yid kyi rnam ba shes ba ni nang du yid la byed 
BO_K02_D0008-4_H0009-4:382b-15	yid kyi rnam par shes pa ni shu bar yid la bya'o //	382b	yid kyi rnam ba shes ba ni shu ba yid la byed 
BO_K02_D0008-4_H0009-4:382b-16	yid kyi rnam par shes pa ni zug rngur yid la bya'o //	382b	yid kyi rnam ba shes ba ni zug rngur yid la byed 
BO_K02_D0008-4_H0009-4:382b-17	yid kyi rnam par shes pa ni sdig par yid la bya'o //	382b	yid kyi rnam ba shes ba ni sdig ba yid la byed 
BO_K02_D0008-4_H0009-4:382b-18	yid kyi rnam par shes pa ni na bar yid la bya'o //	382b	yid kyi rnam ba shes ba ni na ba yid la byed 
BO_K02_D0008-4_H0009-4:382b-19	yid kyi rnam par shes pa ni dgrar yid la bya'o //	382b	yid kyi rnam ba shes ba ni dgrar yid la byed 
BO_K02_D0008-4_H0009-4:382b-20	yid kyi rnam par shes pa ni 'jig pa'i chos can du yid la bya'o //	382b	yid kyi rnam ba shes ba ni jig ba chos can du yid la byed 
BO_K02_D0008-4_H0009-4:382b-21	yid kyi rnam par shes pa ni mi brtan par yid la bya'o //	382b	yid kyi rnam ba shes ba ni mi brtan ba yid la byed 
BO_K02_D0008-4_H0009-4:383a-0	yid kyi rnam @383a *//	383a	yid kyi rnam 
BO_K02_D0008-4_H0009-4:383a-1	par shes pa ni 'jig par yid la bya'o //	383a	ba shes ba ni jig ba yid la byed 
BO_K02_D0008-4_H0009-4:383a-2	yid kyi rnam par shes pa ni 'jigs par yid la bya'o //	383a	yid kyi rnam ba shes ba ni jigs ba yid la byed 
BO_K02_D0008-4_H0009-4:383a-3	yid kyi rnam par shes pa ni 'go ba'i nad du yid la bya'o //	383a	yid kyi rnam ba shes ba ni go ba nad du yid la byed 
BO_K02_D0008-4_H0009-4:383a-4	yid kyi rnam par shes pa ni stong pa nyid du yid la bya'o //	383a	yid kyi rnam ba shes ba ni stong ba nyid du yid la byed 
BO_K02_D0008-4_H0009-4:383a-5	yid kyi rnam par shes pa ni bdag gi med par yid la bya'o //	383a	yid kyi rnam ba shes ba ni bdag gi med ba yid la byed 
BO_K02_D0008-4_H0009-4:383a-6	yid kyi rnam par shes pa ni yid brtan du mi rung bar yid la bya'o //	383a	yid kyi rnam ba shes ba ni yid brtan du mi rung ba yid la byed 
BO_K02_D0008-4_H0009-4:383a-7	yid kyi rnam par shes pa ni gnod par yid la bya'o //	383a	yid kyi rnam ba shes ba ni gnod ba yid la byed 
BO_K02_D0008-4_H0009-4:383a-8	rnam pa thams cad mkhyen pa nyid dang ldan pa'i sems bskyed pas /	383a	rnam ba thams cad mkhyen ba nyid dang ldan ba sems skyed ba 
BO_K02_D0008-4_H0009-4:383a-9	de mi dmigs pa'i tshul gyis /	383a	de mi dmigs ba tshul gyis 
BO_K02_D0008-4_H0009-4:383a-10	mig gi 'dus te reg pa ni mi rtag par yid la bya'o //	383a	mig gi du te reg ba ni mi rtag ba yid la byed 
BO_K02_D0008-4_H0009-4:383a-11	mig gi 'dus te reg pa ni sdug bsngal bar yid la bya'o //	383a	mig gi du te reg ba ni sdug sngal ba yid la byed 
BO_K02_D0008-4_H0009-4:383a-12	mig gi 'dus te reg pa ni bdag med par yid la bya'o //	383a	mig gi du te reg ba ni bdag med ba yid la byed 
BO_K02_D0008-4_H0009-4:383a-13	mig gi 'dus te reg pa ni zhi bar yid la bya'o //	383a	mig gi du te reg ba ni zhi ba yid la byed 
BO_K02_D0008-4_H0009-4:383a-14	mig gi 'dus te reg pa ni dben par yid la bya'o //	383a	mig gi du te reg ba ni dben ba yid la byed 
BO_K02_D0008-4_H0009-4:383a-15	mig gi 'dus te reg pa ni nad du yid la bya'o //	383a	mig gi du te reg ba ni nad du yid la byed 
BO_K02_D0008-4_H0009-4:383a-16	mig gi 'dus te reg pa ni shu bar yid la bya'o //	383a	mig gi du te reg ba ni shu ba yid la byed 
BO_K02_D0008-4_H0009-4:383a-17	mig gi 'dus te reg pa ni zug rngur yid la bya'o //	383a	mig gi du te reg ba ni zug rngur yid la byed 
BO_K02_D0008-4_H0009-4:383a-18	mig gi 'dus te reg pa ni sdig par yid la bya'o //	383a	mig gi du te reg ba ni sdig ba yid la byed 
BO_K02_D0008-4_H0009-4:383a-19	mig gi 'dus te reg pa ni na bar yid la bya'o //	383a	mig gi du te reg ba ni na ba yid la byed 
BO_K02_D0008-4_H0009-4:383a-20	mig gi 'dus te reg pa ni dgrar yid la bya'o //	383a	mig gi du te reg ba ni dgrar yid la byed 
BO_K02_D0008-4_H0009-4:383a-21	mig gi 'dus te reg pa ni 'jig pa'i chos can du yid la bya'o //	383a	mig gi du te reg ba ni jig ba chos can du yid la byed 
BO_K02_D0008-4_H0009-4:383a-22	mig gi 'dus te reg pa ni mi brtan par yid la bya'o //	383a	mig gi du te reg ba ni mi brtan ba yid la byed 
BO_K02_D0008-4_H0009-4:383b-0	mig @383b gi 'dus te reg pa ni 'jig par yid la bya'o //	383b	mig gi du te reg ba ni jig ba yid la byed 
BO_K02_D0008-4_H0009-4:383b-1	mig gi 'dus te reg pa ni 'jigs par yid la bya'o //	383b	mig gi du te reg ba ni jigs ba yid la byed 
BO_K02_D0008-4_H0009-4:383b-2	mig gi 'dus te reg pa ni 'go ba'i nang du yid la bya'o //	383b	mig gi du te reg ba ni go ba nang du yid la byed 
BO_K02_D0008-4_H0009-4:383b-3	mig gi 'dus te reg pa ni stong pa nyid du yid la bya'o //	383b	mig gi du te reg ba ni stong ba nyid du yid la byed 
BO_K02_D0008-4_H0009-4:383b-4	mig gi 'dus te reg pa ni bdag gi med par yid la bya'o //	383b	mig gi du te reg ba ni bdag gi med ba yid la byed 
BO_K02_D0008-4_H0009-4:383b-5	mig gi 'dus te reg pa ni yid brtan du mi rung bar yid la bya'o //	383b	mig gi du te reg ba ni yid brtan du mi rung ba yid la byed 
BO_K02_D0008-4_H0009-4:383b-6	mig gi 'dus te reg pa ni gnod par yid la bya'o //	383b	mig gi du te reg ba ni gnod ba yid la byed 
BO_K02_D0008-4_H0009-4:383b-7	rnam pa thams cad mkhyen pa nyid dang ldan pa'i sems bskyed pas /	383b	rnam ba thams cad mkhyen ba nyid dang ldan ba sems skyed ba 
BO_K02_D0008-4_H0009-4:383b-8	de mi dmigs pa'i tshul gyis /	383b	de mi dmigs ba tshul gyis 
BO_K02_D0008-4_H0009-4:383b-9	rna ba'i 'dus te reg pa ni mi rtag par yid la bya'o //	383b	rna ba du te reg ba ni mi rtag ba yid la byed 
BO_K02_D0008-4_H0009-4:383b-10	rna ba'i 'dus te reg pa ni sdug bsngal bar yid la bya'o //	383b	rna ba du te reg ba ni sdug sngal ba yid la byed 
BO_K02_D0008-4_H0009-4:383b-11	rna ba'i 'dus te reg pa ni bdag med par yid la bya'o //	383b	rna ba du te reg ba ni bdag med ba yid la byed 
BO_K02_D0008-4_H0009-4:383b-12	rna ba'i 'dus te reg pa ni zhi bar yid la bya'o //	383b	rna ba du te reg ba ni zhi ba yid la byed 
BO_K02_D0008-4_H0009-4:383b-13	rna ba'i 'dus te reg pa ni dben par yid la bya'o //	383b	rna ba du te reg ba ni dben ba yid la byed 
BO_K02_D0008-4_H0009-4:383b-14	rna ba'i 'dus te reg pa ni nad du yid la bya'o //	383b	rna ba du te reg ba ni nad du yid la byed 
BO_K02_D0008-4_H0009-4:383b-15	rna ba'i 'dus te reg pa ni shu bar yid la bya'o //	383b	rna ba du te reg ba ni shu ba yid la byed 
BO_K02_D0008-4_H0009-4:383b-16	rna ba'i 'dus te reg pa ni zug rngur yid la bya'o //	383b	rna ba du te reg ba ni zug rngur yid la byed 
BO_K02_D0008-4_H0009-4:383b-17	rna ba'i 'dus te reg pa ni sdig par yid la bya'o //	383b	rna ba du te reg ba ni sdig ba yid la byed 
BO_K02_D0008-4_H0009-4:383b-18	rna ba'i 'dus te reg pa ni na bar yid la bya'o //	383b	rna ba du te reg ba ni na ba yid la byed 
BO_K02_D0008-4_H0009-4:383b-19	rna ba'i 'dus te reg pa ni dgrar yid la bya'o //	383b	rna ba du te reg ba ni dgrar yid la byed 
BO_K02_D0008-4_H0009-4:383b-20	rna ba'i 'dus te reg pa ni 'jig pa'i chos can du yid la bya'o //	383b	rna ba du te reg ba ni jig ba chos can du yid la byed 
BO_K02_D0008-4_H0009-4:383b-21	rna ba'i 'dus te reg pa ni mi brtan par yid la bya'o //	383b	rna ba du te reg ba ni mi brtan ba yid la byed 
BO_K02_D0008-4_H0009-4:383b-22	rna ba'i 'dus te reg pa ni 'jig par yid la bya'o //	383b	rna ba du te reg ba ni jig ba yid la byed 
BO_K02_D0008-4_H0009-4:384a-0	rna ba'i 'dus @384a *//	384a	rna ba du 
BO_K02_D0008-4_H0009-4:384a-1	te reg pa ni 'jigs par yid la bya'o //	384a	te reg ba ni jigs ba yid la byed 
BO_K02_D0008-4_H0009-4:384a-2	rna ba'i 'dus te reg pa ni 'go ba'i nad du yid la bya'o //	384a	rna ba du te reg ba ni go ba nad du yid la byed 
BO_K02_D0008-4_H0009-4:384a-3	rna ba'i 'dus te reg pa ni stong pa nyid du yid la bya'o //	384a	rna ba du te reg ba ni stong ba nyid du yid la byed 
BO_K02_D0008-4_H0009-4:384a-4	rna ba'i 'dus te reg pa ni bdag gi med par yid la bya'o //	384a	rna ba du te reg ba ni bdag gi med ba yid la byed 
BO_K02_D0008-4_H0009-4:384a-5	rna ba'i 'dus te reg pa ni yid brtan du mi rung bar yid la bya'o //	384a	rna ba du te reg ba ni yid brtan du mi rung ba yid la byed 
BO_K02_D0008-4_H0009-4:384a-6	rna ba'i 'dus te reg pa ni gnod par yid la bya'o //	384a	rna ba du te reg ba ni gnod ba yid la byed 
BO_K02_D0008-4_H0009-4:384a-7	rnam pa thams cad mkhyen pa nyid dang ldan pa'i sems bskyed pas /	384a	rnam ba thams cad mkhyen ba nyid dang ldan ba sems skyed ba 
BO_K02_D0008-4_H0009-4:384a-8	de mi dmigs pa'i tshul gyis /	384a	de mi dmigs ba tshul gyis 
BO_K02_D0008-4_H0009-4:384a-9	sna'i 'dus te reg pa ni mi rtag par yid la bya'o //	384a	sna du te reg ba ni mi rtag ba yid la byed 
BO_K02_D0008-4_H0009-4:384a-10	sna'i 'dus te reg pa ni sdug bsngal bar yid la bya'o //	384a	sna du te reg ba ni sdug sngal ba yid la byed 
BO_K02_D0008-4_H0009-4:384a-11	sna'i 'dus te reg pa ni bdag med par yid la bya'o //	384a	sna du te reg ba ni bdag med ba yid la byed 
BO_K02_D0008-4_H0009-4:384a-12	sna'i 'dus te reg pa ni zhi bar yid la bya'o //	384a	sna du te reg ba ni zhi ba yid la byed 
BO_K02_D0008-4_H0009-4:384a-13	sna'i 'dus te reg pa ni dben par yid la bya'o //	384a	sna du te reg ba ni dben ba yid la byed 
BO_K02_D0008-4_H0009-4:384a-14	sna'i 'dus te reg pa ni nad du yid la bya'o //	384a	sna du te reg ba ni nad du yid la byed 
BO_K02_D0008-4_H0009-4:384a-15	sna'i 'dus te reg pa ni shu bar yid la bya'o //	384a	sna du te reg ba ni shu ba yid la byed 
BO_K02_D0008-4_H0009-4:384a-16	sna'i 'dus te reg pa ni zug rngur yid la bya'o //	384a	sna du te reg ba ni zug rngur yid la byed 
BO_K02_D0008-4_H0009-4:384a-17	sna'i 'dus te reg pa ni sdig par yid la bya'o //	384a	sna du te reg ba ni sdig ba yid la byed 
BO_K02_D0008-4_H0009-4:384a-18	sna'i 'dus te reg pa ni na bar yid la bya'o //	384a	sna du te reg ba ni na ba yid la byed 
BO_K02_D0008-4_H0009-4:384a-19	sna'i 'dus te reg pa ni dgrar yid la bya'o //	384a	sna du te reg ba ni dgrar yid la byed 
BO_K02_D0008-4_H0009-4:384a-20	sna'i 'dus te reg pa ni 'jigs pa'i chos can du yid la bya'o //	384a	sna du te reg ba ni jigs ba chos can du yid la byed 
BO_K02_D0008-4_H0009-4:384a-21	sna'i 'dus te reg pa ni mi brtan par yid la bya'o //	384a	sna du te reg ba ni mi brtan ba yid la byed 
BO_K02_D0008-4_H0009-4:384a-22	sna'i 'dus te reg pa ni 'jig par yid la bya'o //	384a	sna du te reg ba ni jig ba yid la byed 
BO_K02_D0008-4_H0009-4:384a-23	sna'i 'dus te reg pa ni 'jigs par yid la bya'o //	384a	sna du te reg ba ni jigs ba yid la byed 
BO_K02_D0008-4_H0009-4:384b-0	@384b sna'i 'dus te reg pa ni 'go ba'i nad du yid la bya'o //	384b	sna du te reg ba ni go ba nad du yid la byed 
BO_K02_D0008-4_H0009-4:384b-1	sna'i 'dus te reg pa ni stong pa nyid du yid la bya'o //	384b	sna du te reg ba ni stong ba nyid du yid la byed 
BO_K02_D0008-4_H0009-4:384b-2	sna'i 'dus te reg pa ni bdag gi med par yid la bya'o //	384b	sna du te reg ba ni bdag gi med ba yid la byed 
BO_K02_D0008-4_H0009-4:384b-3	sna'i 'dus te reg pa ni yid brtan du mi rung bar yid la bya'o //	384b	sna du te reg ba ni yid brtan du mi rung ba yid la byed 
BO_K02_D0008-4_H0009-4:384b-4	sna'i 'dus te reg pa ni gnod par yid la bya'o //	384b	sna du te reg ba ni gnod ba yid la byed 
BO_K02_D0008-4_H0009-4:384b-5	rnam pa thams cad mkhyen pa nyid dang ldan pa'i sems bskyed pas /	384b	rnam ba thams cad mkhyen ba nyid dang ldan ba sems skyed ba 
BO_K02_D0008-4_H0009-4:384b-6	de mi dmigs pa'i tshul gyis /	384b	de mi dmigs ba tshul gyis 
BO_K02_D0008-4_H0009-4:384b-7	lce'i 'dus te reg pa ni mi rtag par yid la bya'o //	384b	lce du te reg ba ni mi rtag ba yid la byed 
BO_K02_D0008-4_H0009-4:384b-8	lce'i 'dus te reg pa ni sdug bsngal bar yid la bya'o //	384b	lce du te reg ba ni sdug sngal ba yid la byed 
BO_K02_D0008-4_H0009-4:384b-9	lce'i 'dus te reg pa ni bdag med par yid la bya'o //	384b	lce du te reg ba ni bdag med ba yid la byed 
BO_K02_D0008-4_H0009-4:384b-10	lce'i 'dus te reg pa ni zhi bar yid la bya'o //	384b	lce du te reg ba ni zhi ba yid la byed 
BO_K02_D0008-4_H0009-4:384b-11	lce'i 'dus te reg pa ni dben par yid la bya'o //	384b	lce du te reg ba ni dben ba yid la byed 
BO_K02_D0008-4_H0009-4:384b-12	lce'i 'dus te reg pa ni nad du yid la bya'o //	384b	lce du te reg ba ni nad du yid la byed 
BO_K02_D0008-4_H0009-4:384b-13	lce'i 'dus te reg pa ni shu bar yid la bya'o //	384b	lce du te reg ba ni shu ba yid la byed 
BO_K02_D0008-4_H0009-4:384b-14	lce'i 'dus te reg pa ni zug rngur yid la bya'o //	384b	lce du te reg ba ni zug rngur yid la byed 
BO_K02_D0008-4_H0009-4:384b-15	lce'i 'dus te reg pa ni sdig par yid la bya'o //	384b	lce du te reg ba ni sdig ba yid la byed 
BO_K02_D0008-4_H0009-4:384b-16	lce'i 'dus te reg pa ni na bar yid la bya'o //	384b	lce du te reg ba ni na ba yid la byed 
BO_K02_D0008-4_H0009-4:384b-17	lce'i 'dus te reg pa ni dgrar yid la bya'o //	384b	lce du te reg ba ni dgrar yid la byed 
BO_K02_D0008-4_H0009-4:384b-18	lce'i 'dus te reg pa ni 'jig pa'i chos can du yid la bya'o //	384b	lce du te reg ba ni jig ba chos can du yid la byed 
BO_K02_D0008-4_H0009-4:384b-19	lce'i 'dus te reg pa ni mi brtan par yid la bya'o //	384b	lce du te reg ba ni mi brtan ba yid la byed 
BO_K02_D0008-4_H0009-4:384b-20	lce'i 'dus te reg pa ni 'jig par yid la bya'o //	384b	lce du te reg ba ni jig ba yid la byed 
BO_K02_D0008-4_H0009-4:384b-21	lce'i 'dus te reg pa ni 'jigs par yid la bya'o //	384b	lce du te reg ba ni jigs ba yid la byed 
BO_K02_D0008-4_H0009-4:385a-0	lce'i 'dus te reg pa ni 'go ba'i nad du yid @385a *//	385a	lce du te reg ba ni go ba nad du yid 
BO_K02_D0008-4_H0009-4:385a-1	la bya'o // lce'i 'dus te reg pa ni stong pa nyid du yid la bya'o //	385a	la byed lce du te reg ba ni stong ba nyid du yid la byed 
BO_K02_D0008-4_H0009-4:385a-2	lce'i 'dus te reg pa ni bdag gi med par yid la bya'o //	385a	lce du te reg ba ni bdag gi med ba yid la byed 
BO_K02_D0008-4_H0009-4:385a-3	lce'i 'dus te reg pa ni yid brtan du mi rung bar yid la bya'o //	385a	lce du te reg ba ni yid brtan du mi rung ba yid la byed 
BO_K02_D0008-4_H0009-4:385a-4	lce'i 'dus te reg pa ni gnod par yid la bya'o //	385a	lce du te reg ba ni gnod ba yid la byed 
BO_K02_D0008-4_H0009-4:385a-5	rnam pa thams cad mkhyen pa nyid dang ldan pa'i sems bskyed pas /	385a	rnam ba thams cad mkhyen ba nyid dang ldan ba sems skyed ba 
BO_K02_D0008-4_H0009-4:385a-6	de mi dmigs pa'i tshul gyis /	385a	de mi dmigs ba tshul gyis 
BO_K02_D0008-4_H0009-4:385a-7	lus kyi 'dus te reg pa ni mi brtag par yid la bya'o //	385a	lus kyi du te reg ba ni mi rtog ba yid la byed 
BO_K02_D0008-4_H0009-4:385a-8	lus kyi 'dus te reg pa ni sdug bsngal bar yid la bya'o //	385a	lus kyi du te reg ba ni sdug sngal ba yid la byed 
BO_K02_D0008-4_H0009-4:385a-9	lus kyi 'dus te reg pa ni bdag med par yid la bya'o //	385a	lus kyi du te reg ba ni bdag med ba yid la byed 
BO_K02_D0008-4_H0009-4:385a-10	lus kyi 'dus te reg pa ni zhi bar yid la bya'o //	385a	lus kyi du te reg ba ni zhi ba yid la byed 
BO_K02_D0008-4_H0009-4:385a-11	lus kyi 'dus te reg pa ni dben par yid la bya'o //	385a	lus kyi du te reg ba ni dben ba yid la byed 
BO_K02_D0008-4_H0009-4:385a-12	lus kyi 'dus te reg pa ni nad du yid la bya'o //	385a	lus kyi du te reg ba ni nad du yid la byed 
BO_K02_D0008-4_H0009-4:385a-13	lus kyi 'dus te reg pa ni shu bar yid la bya'o //	385a	lus kyi du te reg ba ni shu ba yid la byed 
BO_K02_D0008-4_H0009-4:385a-14	lus kyi 'dus te reg pa ni zug rngur yid la bya'o //	385a	lus kyi du te reg ba ni zug rngur yid la byed 
BO_K02_D0008-4_H0009-4:385a-15	lus kyi 'dus te reg pa ni sdig par yid la bya'o //	385a	lus kyi du te reg ba ni sdig ba yid la byed 
BO_K02_D0008-4_H0009-4:385a-16	lus kyi 'dus te reg pa ni na bar yid la bya'o //	385a	lus kyi du te reg ba ni na ba yid la byed 
BO_K02_D0008-4_H0009-4:385a-17	lus kyi 'dus te reg pa ni dgrar yid la bya'o //	385a	lus kyi du te reg ba ni dgrar yid la byed 
BO_K02_D0008-4_H0009-4:385a-18	lus kyi 'dus te reg pa ni 'jig pa'i chos can du yid la bya'o //	385a	lus kyi du te reg ba ni jig ba chos can du yid la byed 
BO_K02_D0008-4_H0009-4:385a-19	lus kyi 'dus te reg pa ni mi brtan par yid la bya'o //	385a	lus kyi du te reg ba ni mi brtan ba yid la byed 
BO_K02_D0008-4_H0009-4:385a-20	lus kyi 'dus te reg pa ni 'jig par yid la bya'o //	385a	lus kyi du te reg ba ni jig ba yid la byed 
BO_K02_D0008-4_H0009-4:385a-21	lus kyi 'dus te reg pa ni 'jigs par yid la bya'o //	385a	lus kyi du te reg ba ni jigs ba yid la byed 
BO_K02_D0008-4_H0009-4:385a-22	lus kyi 'dus te reg pa ni 'go ba'i nad du yid la bya'o //	385a	lus kyi du te reg ba ni go ba nad du yid la byed 
BO_K02_D0008-4_H0009-4:385b-0	lus kyi @385b 'dus te reg pa ni stong pa nyid du yid la bya'o //	385b	lus kyi du te reg ba ni stong ba nyid du yid la byed 
BO_K02_D0008-4_H0009-4:385b-1	lus kyi 'dus te reg pa ni bdag gi med par yid la bya'o //	385b	lus kyi du te reg ba ni bdag gi med ba yid la byed 
BO_K02_D0008-4_H0009-4:385b-2	lus kyi 'dus te reg pa ni yid brtan du mi rung bar yid la bya'o //	385b	lus kyi du te reg ba ni yid brtan du mi rung ba yid la byed 
BO_K02_D0008-4_H0009-4:385b-3	lus kyi 'dus te reg pa ni gnod par yid la bya'o //	385b	lus kyi du te reg ba ni gnod ba yid la byed 
BO_K02_D0008-4_H0009-4:385b-4	rnam pa thams cad mkhyen pa nyid dang ldan pa'i sems bskyed pas /	385b	rnam ba thams cad mkhyen ba nyid dang ldan ba sems skyed ba 
BO_K02_D0008-4_H0009-4:385b-5	de mi dmigs pa'i tshul gyis /	385b	de mi dmigs ba tshul gyis 
BO_K02_D0008-4_H0009-4:385b-6	yid kyi 'dus te reg pa ni mi rtag par yid la bya'o //	385b	yid kyi du te reg ba ni mi rtag ba yid la byed 
BO_K02_D0008-4_H0009-4:385b-7	yid kyi 'dus te reg pa ni sdug bsngal bar yid la bya'o //	385b	yid kyi du te reg ba ni sdug sngal ba yid la byed 
BO_K02_D0008-4_H0009-4:385b-8	yid kyi 'dus te reg pa ni bdag med par yid la bya'o //	385b	yid kyi du te reg ba ni bdag med ba yid la byed 
BO_K02_D0008-4_H0009-4:385b-9	yid kyi 'dus te reg pa ni zhi bar yid la bya'o //	385b	yid kyi du te reg ba ni zhi ba yid la byed 
BO_K02_D0008-4_H0009-4:385b-10	yid kyi 'dus te reg pa ni dben par yid la bya'o //	385b	yid kyi du te reg ba ni dben ba yid la byed 
BO_K02_D0008-4_H0009-4:385b-11	yid kyi 'dus te reg pa ni nad du yid la bya'o //	385b	yid kyi du te reg ba ni nad du yid la byed 
BO_K02_D0008-4_H0009-4:385b-12	yid kyi 'dus te reg pa ni shu bar yid la bya'o //	385b	yid kyi du te reg ba ni shu ba yid la byed 
BO_K02_D0008-4_H0009-4:385b-13	yid kyi 'dus te reg pa ni zug rngur yid la bya'o //	385b	yid kyi du te reg ba ni zug rngur yid la byed 
BO_K02_D0008-4_H0009-4:385b-14	yid kyi 'dus te reg pa ni sdig par yid la bya'o //	385b	yid kyi du te reg ba ni sdig ba yid la byed 
BO_K02_D0008-4_H0009-4:385b-15	yid kyi 'dus te reg pa ni na bar yid la bya'o //	385b	yid kyi du te reg ba ni na ba yid la byed 
BO_K02_D0008-4_H0009-4:385b-16	yid kyi 'dus te reg pa ni dgrar yid la bya'o //	385b	yid kyi du te reg ba ni dgrar yid la byed 
BO_K02_D0008-4_H0009-4:385b-17	yid kyi 'dus te reg pa ni 'jig pa'i chos can du yid la bya'o //	385b	yid kyi du te reg ba ni jig ba chos can du yid la byed 
BO_K02_D0008-4_H0009-4:385b-18	yid kyi 'dus te reg pa ni mi brtan par yid la bya'o //	385b	yid kyi du te reg ba ni mi brtan ba yid la byed 
BO_K02_D0008-4_H0009-4:385b-19	yid kyi 'dus te reg pa na 'jig par yid la bya'o //	385b	yid kyi du te reg ba na jig ba yid la byed 
BO_K02_D0008-4_H0009-4:385b-20	yid kyi 'dus te reg pa ni 'jigs par yid la bya'o //	385b	yid kyi du te reg ba ni jigs ba yid la byed 
BO_K02_D0008-4_H0009-4:385b-21	yid kyi 'dus te reg pa ni 'go ba'i nad du yid la bya'o //	385b	yid kyi du te reg ba ni go ba nad du yid la byed 
BO_K02_D0008-4_H0009-4:385b-22	yid kyi 'dus te reg pa ni stong pa nyid du yid la bya'o //	385b	yid kyi du te reg ba ni stong ba nyid du yid la byed 
BO_K02_D0008-4_H0009-4:386a-0	yid kyi @386a *//	386a	yid kyi 
BO_K02_D0008-4_H0009-4:386a-1	'dus te reg pa ni bdag gi med par yid la bya'o //	386a	du te reg ba ni bdag gi med ba yid la byed 
BO_K02_D0008-4_H0009-4:386a-2	yid kyi 'dus te reg pa ni yid brtan du mi rung bar yid la bya'o //	386a	yid kyi du te reg ba ni yid brtan du mi rung ba yid la byed 
BO_K02_D0008-4_H0009-4:386a-3	yid kyi 'dus te reg pa ni gnod par yid la bya'o //	386a	yid kyi du te reg ba ni gnod ba yid la byed 
BO_K02_D0008-4_H0009-4:386a-4	rnam pa thams cad mkhyen pa nyid dang ldan pa'i sems bskyed pas /	386a	rnam ba thams cad mkhyen ba nyid dang ldan ba sems skyed ba 
BO_K02_D0008-4_H0009-4:386a-5	de mi dmigs pa'i tshul gyis /	386a	de mi dmigs ba tshul gyis 
BO_K02_D0008-4_H0009-4:386a-6	mig gi 'dus te reg pa'i rkyen gyis tshor ba ni mi rtag par yid la bya'o //	386a	mig gi du te reg ba rkyen gyis tshor ba ni mi rtag ba yid la byed 
BO_K02_D0008-4_H0009-4:386a-7	mig gi 'dus te reg pa'i rkyen gyis tshor ba ni sdug bsngal bar yid la bya'o //	386a	mig gi du te reg ba rkyen gyis tshor ba ni sdug sngal ba yid la byed 
BO_K02_D0008-4_H0009-4:386a-8	mig gi 'dus te reg pa'i rkyen gyis tshor ba ni bdag med par yid la bya'o //	386a	mig gi du te reg ba rkyen gyis tshor ba ni bdag med ba yid la byed 
BO_K02_D0008-4_H0009-4:386a-9	mig gi 'dus te reg pa'i rkyen gyis tshor ba ni zhi bar yid la bya'o //	386a	mig gi du te reg ba rkyen gyis tshor ba ni zhi ba yid la byed 
BO_K02_D0008-4_H0009-4:386a-10	mig gi 'dus te reg pa'i rkyen gyis tshor ba ni dben par yid la bya'o //	386a	mig gi du te reg ba rkyen gyis tshor ba ni dben ba yid la byed 
BO_K02_D0008-4_H0009-4:386a-11	mig gi 'dus te reg pa'i rkyen gyis tshor ba ni nad du yid la bya'o //	386a	mig gi du te reg ba rkyen gyis tshor ba ni nad du yid la byed 
BO_K02_D0008-4_H0009-4:386a-12	mig gi 'dus te reg pa'i rkyen gyis tshor ba ni shu bar yid la bya'o //	386a	mig gi du te reg ba rkyen gyis tshor ba ni shu ba yid la byed 
BO_K02_D0008-4_H0009-4:386a-13	mig gi 'dus te reg pa'i rkyen gyis tshor ba ni zug rngur yid la bya'o //	386a	mig gi du te reg ba rkyen gyis tshor ba ni zug rngur yid la byed 
BO_K02_D0008-4_H0009-4:386a-14	mig gi 'dus te reg pa'i rkyen gyis tshor ba ni sdig par yid la bya'o //	386a	mig gi du te reg ba rkyen gyis tshor ba ni sdig ba yid la byed 
BO_K02_D0008-4_H0009-4:386a-15	mig gi 'dus te reg pa'i rkyen gyis tshor ba ni na bar yid la bya'o //	386a	mig gi du te reg ba rkyen gyis tshor ba ni na ba yid la byed 
BO_K02_D0008-4_H0009-4:386a-16	mig gi 'dus te reg pa'i rkyen gyis tshor ba ni dgrar yid la bya'o //	386a	mig gi du te reg ba rkyen gyis tshor ba ni dgrar yid la byed 
BO_K02_D0008-4_H0009-4:386a-17	mig gi 'dus te reg pa'i rkyen gyis tshor ba ni 'jig pa'i chos can du yid la bya'o //	386a	mig gi du te reg ba rkyen gyis tshor ba ni jig ba chos can du yid la byed 
BO_K02_D0008-4_H0009-4:386b-0	mig gi 'dus te reg pa'i @386b rkyen gyis tshor ba ni mi brtan par yid la bya'o //	386b	mig gi du te reg ba rkyen gyis tshor ba ni mi brtan ba yid la byed 
BO_K02_D0008-4_H0009-4:386b-1	mig gi 'dus te reg pa'i rkyen gyis tshor ba ni 'jig par yid la bya'o //	386b	mig gi du te reg ba rkyen gyis tshor ba ni jig ba yid la byed 
BO_K02_D0008-4_H0009-4:386b-2	mig gi 'dus te reg pa'i rkyen gyis tshor ba ni 'jigs par yid la bya'o //	386b	mig gi du te reg ba rkyen gyis tshor ba ni jigs ba yid la byed 
BO_K02_D0008-4_H0009-4:386b-3	mig gi 'dus te reg pa'i rkyen gyis tshor ba ni 'go ba'i nad du yid la bya'o //	386b	mig gi du te reg ba rkyen gyis tshor ba ni go ba nad du yid la byed 
BO_K02_D0008-4_H0009-4:386b-4	mig gi 'dus te reg pa'i rkyen gyis tshor ba ni stong pa nyid du yid la bya'o //	386b	mig gi du te reg ba rkyen gyis tshor ba ni stong ba nyid du yid la byed 
BO_K02_D0008-4_H0009-4:386b-5	mig gi 'dus te reg pa'i rkyen gyis tshor ba ni bdag gi med par yid la bya'o //	386b	mig gi du te reg ba rkyen gyis tshor ba ni bdag gi med ba yid la byed 
BO_K02_D0008-4_H0009-4:386b-6	mig gi 'dus te reg pa'i rkyen gyis tshor ba ni yid brtan du mi rung bar yid la bya'o //	386b	mig gi du te reg ba rkyen gyis tshor ba ni yid brtan du mi rung ba yid la byed 
BO_K02_D0008-4_H0009-4:386b-7	mig gi 'dus te reg pa'i rkyen gyis tshor ba ni gnod par yid la bya'o //	386b	mig gi du te reg ba rkyen gyis tshor ba ni gnod ba yid la byed 
BO_K02_D0008-4_H0009-4:386b-8	rnam pa thams cad mkhyen pa nyid dang ldan pa'i sems bskyed pas /	386b	rnam ba thams cad mkhyen ba nyid dang ldan ba sems skyed ba 
BO_K02_D0008-4_H0009-4:386b-9	de mi dmigs pa'i tshul gyis /	386b	de mi dmigs ba tshul gyis 
BO_K02_D0008-4_H0009-4:386b-10	rna ba'i 'dus te reg pa'i rkyen gyis tshor ba ni mi rtag par yid la bya'o //	386b	rna ba du te reg ba rkyen gyis tshor ba ni mi rtag ba yid la byed 
BO_K02_D0008-4_H0009-4:386b-11	rna ba'i 'dus te reg pa'i rkyen gyis tshor ba ni sdug bsngal bar yid la bya'o //	386b	rna ba du te reg ba rkyen gyis tshor ba ni sdug sngal ba yid la byed 
BO_K02_D0008-4_H0009-4:386b-12	rna ba'i 'dus te reg pa'i rkyen gyis tshor ba ni bdag med par yid la bya'o //	386b	rna ba du te reg ba rkyen gyis tshor ba ni bdag med ba yid la byed 
BO_K02_D0008-4_H0009-4:386b-13	rna ba'i 'dus te reg pa'i rkyen gyis tshor ba ni zhi bar yid la bya'o //	386b	rna ba du te reg ba rkyen gyis tshor ba ni zhi ba yid la byed 
BO_K02_D0008-4_H0009-4:386b-14	rna ba'i 'dus te reg pa'i rkyen gyis tshor ba ni dben par yid la bya'o //	386b	rna ba du te reg ba rkyen gyis tshor ba ni dben ba yid la byed 
BO_K02_D0008-4_H0009-4:386b-15	rna ba'i 'dus te reg pa'i rkyen gyis tshor ba ni nad du yid la bya'o //	386b	rna ba du te reg ba rkyen gyis tshor ba ni nad du yid la byed 
BO_K02_D0008-4_H0009-4:386b-16	rna ba'i 'dus te reg pa'i rkyen gyis tshor ba ni shu bar yid la bya'o //	386b	rna ba du te reg ba rkyen gyis tshor ba ni shu ba yid la byed 
BO_K02_D0008-4_H0009-4:387a-0	rna ba'i 'dus te reg @387a *//	387a	rna ba du te reg 
BO_K02_D0008-4_H0009-4:387a-1	pa'i rkyen gyis tshor ba ni zug rngur yid la bya'o //	387a	ba rkyen gyis tshor ba ni zug rngur yid la byed 
BO_K02_D0008-4_H0009-4:387a-2	rna ba'i 'dus te reg pa'i rkyen gyis tshor ba ni sdig par yid la bya'o //	387a	rna ba du te reg ba rkyen gyis tshor ba ni sdig ba yid la byed 
BO_K02_D0008-4_H0009-4:387a-3	rna ba'i 'dus te reg pa'i rkyen gyis tshor ba ni na bar yid la bya'o //	387a	rna ba du te reg ba rkyen gyis tshor ba ni na ba yid la byed 
BO_K02_D0008-4_H0009-4:387a-4	rna ba'i 'dus te reg pa'i rkyen gyis tshor ba ni dgrar yid la bya'o //	387a	rna ba du te reg ba rkyen gyis tshor ba ni dgrar yid la byed 
BO_K02_D0008-4_H0009-4:387a-5	rna ba'i 'dus te reg pa'i rkyen gyis tshor ba ni 'jig pa'i chos can du yid la bya'o //	387a	rna ba du te reg ba rkyen gyis tshor ba ni jig ba chos can du yid la byed 
BO_K02_D0008-4_H0009-4:387a-6	rna ba'i 'dus te reg pa'i rkyen gyis tshor ba ni mi brtan par yid la bya'o //	387a	rna ba du te reg ba rkyen gyis tshor ba ni mi brtan ba yid la byed 
BO_K02_D0008-4_H0009-4:387a-7	rna ba'i 'dus te reg pa'i rkyen gyis tshor ba ni 'jig par yid la bya'o //	387a	rna ba du te reg ba rkyen gyis tshor ba ni jig ba yid la byed 
BO_K02_D0008-4_H0009-4:387a-8	rna ba'i 'dus te reg pa'i rkyen gyis tshor ba ni 'jigs par yid la bya'o //	387a	rna ba du te reg ba rkyen gyis tshor ba ni jigs ba yid la byed 
BO_K02_D0008-4_H0009-4:387a-9	rna ba'i 'dus te reg pa'i rkyen gyis tshor ba ni 'go ba'i nad du yid la bya'o //	387a	rna ba du te reg ba rkyen gyis tshor ba ni go ba nad du yid la byed 
BO_K02_D0008-4_H0009-4:387a-10	rna ba'i 'dus te reg pa'i rkyen gyis tshor ba ni stong pa nyid du yid la bya'o //	387a	rna ba du te reg ba rkyen gyis tshor ba ni stong ba nyid du yid la byed 
BO_K02_D0008-4_H0009-4:387a-11	rna ba'i 'dus te reg pa'i rkyen gyis tshor ba ni bdag gi med par yid la bya'o //	387a	rna ba du te reg ba rkyen gyis tshor ba ni bdag gi med ba yid la byed 
BO_K02_D0008-4_H0009-4:387a-12	rna ba'i 'dus te reg pa'i rkyen gyis tshor ba ni yid brtan du mi rung bar yid la bya'o //	387a	rna ba du te reg ba rkyen gyis tshor ba ni yid brtan du mi rung ba yid la byed 
BO_K02_D0008-4_H0009-4:387a-13	rna ba'i 'dus te reg pa'i rkyen gyis tshor ba ni gnod par yid la bya'o //	387a	rna ba du te reg ba rkyen gyis tshor ba ni gnod ba yid la byed 
BO_K02_D0008-4_H0009-4:387a-14	rnam pa thams cad mkhyen pa nyid dang ldan pa'i sems bskyed pas /	387a	rnam ba thams cad mkhyen ba nyid dang ldan ba sems skyed ba 
BO_K02_D0008-4_H0009-4:387a-15	de mi dmigs pa'i tshul gyis /	387a	de mi dmigs ba tshul gyis 
BO_K02_D0008-4_H0009-4:387a-16	sna'i 'dus te reg pa'i rkyen gyis tshor ba ni mi rtag par yid la bya'o //	387a	sna du te reg ba rkyen gyis tshor ba ni mi rtag ba yid la byed 
BO_K02_D0008-4_H0009-4:387b-0	sna'i 'dus te reg pa'i rkyen gyis @387b tshor ba ni sdug bsngal bar yid la bya'o //	387b	sna du te reg ba rkyen gyis tshor ba ni sdug sngal ba yid la byed 
BO_K02_D0008-4_H0009-4:387b-1	sna'i 'dus te reg pa'i rkyen gyis tshor ba ni bdag med par yid la bya'o //	387b	sna du te reg ba rkyen gyis tshor ba ni bdag med ba yid la byed 
BO_K02_D0008-4_H0009-4:387b-2	sna'i 'dus te reg pa'i rkyen gyis tshor ba ni zhi bar yid la bya'o //	387b	sna du te reg ba rkyen gyis tshor ba ni zhi ba yid la byed 
BO_K02_D0008-4_H0009-4:387b-3	sna'i 'dus te reg pa'i rkyen gyis tshor ba ni dben par yid la bya'o //	387b	sna du te reg ba rkyen gyis tshor ba ni dben ba yid la byed 
BO_K02_D0008-4_H0009-4:387b-4	sna'i 'dus te reg pa'i rkyen gyis tshor ba ni nad du yid la bya'o //	387b	sna du te reg ba rkyen gyis tshor ba ni nad du yid la byed 
BO_K02_D0008-4_H0009-4:387b-5	sna'i 'dus te reg pa'i rkyen gyis tshor ba ni shu bar yid la bya'o //	387b	sna du te reg ba rkyen gyis tshor ba ni shu ba yid la byed 
BO_K02_D0008-4_H0009-4:387b-6	sna'i 'dus te reg pa'i rkyen gyis tshor ba ni zug rngur yid la bya'o //	387b	sna du te reg ba rkyen gyis tshor ba ni zug rngur yid la byed 
BO_K02_D0008-4_H0009-4:387b-7	sna'i 'dus te reg pa'i rkyen gyis tshor ba ni sdig par yid la bya'o //	387b	sna du te reg ba rkyen gyis tshor ba ni sdig ba yid la byed 
BO_K02_D0008-4_H0009-4:387b-8	sna'i 'dus te reg pa'i rkyen gyis tshor ba ni na bar yid la bya'o //	387b	sna du te reg ba rkyen gyis tshor ba ni na ba yid la byed 
BO_K02_D0008-4_H0009-4:387b-9	sna'i 'dus te reg pa'i rkyen gyis tshor ba ni dgrar yid la bya'o //	387b	sna du te reg ba rkyen gyis tshor ba ni dgrar yid la byed 
BO_K02_D0008-4_H0009-4:387b-10	sna'i 'dus te reg pa'i rkyen gyis tshor ba ni 'jig pa'i chos can du yid la bya'o //	387b	sna du te reg ba rkyen gyis tshor ba ni jig ba chos can du yid la byed 
BO_K02_D0008-4_H0009-4:387b-11	sna'i 'dus te reg pa'i rkyen gyis tshor ba ni mi brtan par yid la bya'o //	387b	sna du te reg ba rkyen gyis tshor ba ni mi brtan ba yid la byed 
BO_K02_D0008-4_H0009-4:387b-12	sna'i 'dus te reg pa'i rkyen gyis tshor ba ni 'jig par yid la bya'o //	387b	sna du te reg ba rkyen gyis tshor ba ni jig ba yid la byed 
BO_K02_D0008-4_H0009-4:387b-13	sna'i 'dus te reg pa'i rkyen gyis tshor ba ni 'jigs par yid la bya'o //	387b	sna du te reg ba rkyen gyis tshor ba ni jigs ba yid la byed 
BO_K02_D0008-4_H0009-4:387b-14	sna'i 'dus te reg pa'i rkyen gyis tshor ba ni 'go ba'i nad du yid la bya'o //	387b	sna du te reg ba rkyen gyis tshor ba ni go ba nad du yid la byed 
BO_K02_D0008-4_H0009-4:387b-15	sna'i 'dus te reg pa'i rkyen gyis tshor ba ni stong pa nyid du yid la bya'o //	387b	sna du te reg ba rkyen gyis tshor ba ni stong ba nyid du yid la byed 
BO_K02_D0008-4_H0009-4:387b-16	sna'i 'dus te reg pa'i rkyen gyis tshor ba ni bdag gi med par yid la bya'o //	387b	sna du te reg ba rkyen gyis tshor ba ni bdag gi med ba yid la byed 
BO_K02_D0008-4_H0009-4:387b-17	sna'i 'dus te reg pa'i rkyen gyis tshor ba ni yid brtan du mi rung bar yid la bya'o //	387b	sna du te reg ba rkyen gyis tshor ba ni yid brtan du mi rung ba yid la byed 
BO_K02_D0008-4_H0009-4:388a-0	@388a *// sna'i 'dus te reg pa'i rkyen gyis tshor ba ni gnod par yid la bya'o //	388a	sna du te reg ba rkyen gyis tshor ba ni gnod ba yid la byed 
BO_K02_D0008-4_H0009-4:388a-1	rnam pa thams cad mkhyen pa nyid dang ldan pa'i sems bskyed pas /	388a	rnam ba thams cad mkhyen ba nyid dang ldan ba sems skyed ba 
BO_K02_D0008-4_H0009-4:388a-2	de mi dmigs pa'i tshul gyis /	388a	de mi dmigs ba tshul gyis 
BO_K02_D0008-4_H0009-4:388a-3	lce'i 'dus te reg pa'i rkyen gyis tshor ba ni mi rtag par yid la bya'o //	388a	lce du te reg ba rkyen gyis tshor ba ni mi rtag ba yid la byed 
BO_K02_D0008-4_H0009-4:388a-4	lce'i 'dus te reg pa'i rkyen gyis tshor ba ni sdug bsngal bar yid la bya'o //	388a	lce du te reg ba rkyen gyis tshor ba ni sdug sngal ba yid la byed 
BO_K02_D0008-4_H0009-4:388a-5	lce'i 'dus te reg pa'i rkyen gyis tshor ba ni bdag med par yid la bya'o //	388a	lce du te reg ba rkyen gyis tshor ba ni bdag med ba yid la byed 
BO_K02_D0008-4_H0009-4:388a-6	lce'i 'dus te reg pa'i rkyen gyis tshor ba ni zhi bar yid la bya'o //	388a	lce du te reg ba rkyen gyis tshor ba ni zhi ba yid la byed 
BO_K02_D0008-4_H0009-4:388a-7	lce'i 'dus te reg pa'i rkyen gyis tshor ba ni dben par yid la bya'o //	388a	lce du te reg ba rkyen gyis tshor ba ni dben ba yid la byed 
BO_K02_D0008-4_H0009-4:388a-8	lce'i 'dus te reg pa'i rkyen gyis tshor ba ni nad du yid la bya'o //	388a	lce du te reg ba rkyen gyis tshor ba ni nad du yid la byed 
BO_K02_D0008-4_H0009-4:388a-9	lce'i 'dus te reg pa'i rkyen gyis tshor ba ni shu bar yid la bya'o //	388a	lce du te reg ba rkyen gyis tshor ba ni shu ba yid la byed 
BO_K02_D0008-4_H0009-4:388a-10	lce'i 'dus te reg pa'i rkyen gyis tshor ba ni zug rngur yid la bya'o //	388a	lce du te reg ba rkyen gyis tshor ba ni zug rngur yid la byed 
BO_K02_D0008-4_H0009-4:388a-11	lce'i 'dus te reg pa'i rkyen gyis tshor ba ni sdig par yid la bya'o //	388a	lce du te reg ba rkyen gyis tshor ba ni sdig ba yid la byed 
BO_K02_D0008-4_H0009-4:388a-12	lce'i 'dus te reg pa'i rkyen gyis tshor ba ni na bar yid la bya'o //	388a	lce du te reg ba rkyen gyis tshor ba ni na ba yid la byed 
BO_K02_D0008-4_H0009-4:388a-13	lce'i 'dus te reg pa'i rkyen gyis tshor ba ni dgrar yid la bya'o //	388a	lce du te reg ba rkyen gyis tshor ba ni dgrar yid la byed 
BO_K02_D0008-4_H0009-4:388a-14	lce'i 'dus te reg pa'i rkyen gyis tshor ba ni 'jig pa'i chos can du yid la bya'o //	388a	lce du te reg ba rkyen gyis tshor ba ni jig ba chos can du yid la byed 
BO_K02_D0008-4_H0009-4:388a-15	lce'i 'dus te reg pa'i rkyen gyis tshor ba ni mi brtan par yid la bya'o //	388a	lce du te reg ba rkyen gyis tshor ba ni mi brtan ba yid la byed 
BO_K02_D0008-4_H0009-4:388a-16	lce'i 'dus te reg pa'i rkyen gyis tshor ba ni 'jig par yid la bya'o //	388a	lce du te reg ba rkyen gyis tshor ba ni jig ba yid la byed 
BO_K02_D0008-4_H0009-4:388b-0	lce'i 'dus te reg pa'i rkyen gyis tshor @388b ba ni 'jigs par yid la bya'o //	388b	lce du te reg ba rkyen gyis tshor ba ni jigs ba yid la byed 
BO_K02_D0008-4_H0009-4:388b-1	lce'i 'dus te reg pa'i rkyen gyis tshor ba ni 'go ba'i nad du yid la bya'o //	388b	lce du te reg ba rkyen gyis tshor ba ni go ba nad du yid la byed 
BO_K02_D0008-4_H0009-4:388b-2	lce'i 'dus te reg pa'i rkyen gyis tshor ba ni stong pa nyid du yid la bya'o //	388b	lce du te reg ba rkyen gyis tshor ba ni stong ba nyid du yid la byed 
BO_K02_D0008-4_H0009-4:388b-3	lce'i 'dus te reg pa'i rkyen gyis tshor ba ni bdag gi med par yid la bya'o //	388b	lce du te reg ba rkyen gyis tshor ba ni bdag gi med ba yid la byed 
BO_K02_D0008-4_H0009-4:388b-4	lce'i 'dus te reg pa'i rkyen gyis tshor ba ni yid brtan du mi rung bar yid la bya'o //	388b	lce du te reg ba rkyen gyis tshor ba ni yid brtan du mi rung ba yid la byed 
BO_K02_D0008-4_H0009-4:388b-5	lce'i 'dus te reg pa'i rkyen gyis tshor ba ni gnod par yid la bya'o //	388b	lce du te reg ba rkyen gyis tshor ba ni gnod ba yid la byed 
BO_K02_D0008-4_H0009-4:388b-6	rnam pa thams cad mkhyen pa nyid dang ldan pa'i sems bskyed pas /	388b	rnam ba thams cad mkhyen ba nyid dang ldan ba sems skyed ba 
BO_K02_D0008-4_H0009-4:388b-7	de mi dmigs pa'i tshul gyis /	388b	de mi dmigs ba tshul gyis 
BO_K02_D0008-4_H0009-4:388b-8	lus kyi 'dus te reg pa'i rkyen gyis tshor ba ni mi rtag par yid la bya'o //	388b	lus kyi du te reg ba rkyen gyis tshor ba ni mi rtag ba yid la byed 
BO_K02_D0008-4_H0009-4:388b-9	lus kyi 'dus te reg pa'i rkyen gyis tshor ba ni sdug bsngal bar yid la bya'o //	388b	lus kyi du te reg ba rkyen gyis tshor ba ni sdug sngal ba yid la byed 
BO_K02_D0008-4_H0009-4:388b-10	lus kyi 'dus te reg pa'i rkyen gyis tshor ba ni bdag med par yid la bya'o //	388b	lus kyi du te reg ba rkyen gyis tshor ba ni bdag med ba yid la byed 
BO_K02_D0008-4_H0009-4:388b-11	lus kyi 'dus te reg pa'i rkyen gyis tshor ba ni zhi bar yid la bya'o //	388b	lus kyi du te reg ba rkyen gyis tshor ba ni zhi ba yid la byed 
BO_K02_D0008-4_H0009-4:388b-12	lus kyi 'dus te reg pa'i rkyen gyis tshor ba ni dben par yid la bya'o //	388b	lus kyi du te reg ba rkyen gyis tshor ba ni dben ba yid la byed 
BO_K02_D0008-4_H0009-4:388b-13	lus kyi 'dus te reg pa'i rkyen gyis tshor ba ni nad du yid la bya'o //	388b	lus kyi du te reg ba rkyen gyis tshor ba ni nad du yid la byed 
BO_K02_D0008-4_H0009-4:388b-14	lus kyi 'dus te reg pa'i rkyen gyis tshor ba ni shu bar yid la bya'o //	388b	lus kyi du te reg ba rkyen gyis tshor ba ni shu ba yid la byed 
BO_K02_D0008-4_H0009-4:388b-15	lus kyi 'dus te reg pa'i rkyen gyis tshor ba ni zug rngur yid la bya'o //	388b	lus kyi du te reg ba rkyen gyis tshor ba ni zug rngur yid la byed 
BO_K02_D0008-4_H0009-4:388b-16	lus kyi 'dus te reg pa'i rkyen gyis tshor ba ni sdig par yid la bya'o //	388b	lus kyi du te reg ba rkyen gyis tshor ba ni sdig ba yid la byed 
BO_K02_D0008-4_H0009-4:388b-17	lus kyi 'dus te reg pa'i rkyen gyis tshor ba ni na bar yid la bya'o //	388b	lus kyi du te reg ba rkyen gyis tshor ba ni na ba yid la byed 
BO_K02_D0008-4_H0009-4:389a-0	lus @389a *// kyi 'dus te reg pa'i rkyen gyis tshor ba ni dgrar yid la bya'o //	389a	lus kyi du te reg ba rkyen gyis tshor ba ni dgrar yid la byed 
BO_K02_D0008-4_H0009-4:389a-1	lus kyi 'dus te reg pa'i rkyen gyis tshor ba ni 'jig pa'i chos can du yid la bya'o //	389a	lus kyi du te reg ba rkyen gyis tshor ba ni jig ba chos can du yid la byed 
BO_K02_D0008-4_H0009-4:389a-2	lus kyi 'dus te reg pa'i rkyen gyis tshor ba ni mi brtan par yid la bya'o //	389a	lus kyi du te reg ba rkyen gyis tshor ba ni mi brtan ba yid la byed 
BO_K02_D0008-4_H0009-4:389a-3	lus kyi 'dus te reg pa'i rkyen gyis tshor ba ni 'jig par yid la bya'o //	389a	lus kyi du te reg ba rkyen gyis tshor ba ni jig ba yid la byed 
BO_K02_D0008-4_H0009-4:389a-4	lus kyi 'dus te reg pa'i rkyen gyis tshor ba ni 'jigs par yid la bya'o //	389a	lus kyi du te reg ba rkyen gyis tshor ba ni jigs ba yid la byed 
BO_K02_D0008-4_H0009-4:389a-5	lus kyi 'dus te reg pa'i rkyen gyis tshor ba ni 'go ba'i nad du yid la bya'o //	389a	lus kyi du te reg ba rkyen gyis tshor ba ni go ba nad du yid la byed 
BO_K02_D0008-4_H0009-4:389a-6	lus kyi 'dus te reg pa'i rkyen gyis tshor ba ni stong pa nyid du yid la bya'o //	389a	lus kyi du te reg ba rkyen gyis tshor ba ni stong ba nyid du yid la byed 
BO_K02_D0008-4_H0009-4:389a-7	lus kyi 'dus te reg pa'i rkyen gyis tshor ba ni bdag gi med par yid la bya'o //	389a	lus kyi du te reg ba rkyen gyis tshor ba ni bdag gi med ba yid la byed 
BO_K02_D0008-4_H0009-4:389a-8	lus kyi 'dus te reg pa'i rkyen gyis tshor ba ni yid brtan du mi rung bar yid la bya'o //	389a	lus kyi du te reg ba rkyen gyis tshor ba ni yid brtan du mi rung ba yid la byed 
BO_K02_D0008-4_H0009-4:389a-9	lus kyi 'dus te reg pa'i rkyen gyis tshor ba ni gnod par yid la bya'o //	389a	lus kyi du te reg ba rkyen gyis tshor ba ni gnod ba yid la byed 
BO_K02_D0008-4_H0009-4:389a-10	rnam pa thams cad mkhyen pa nyid dang ldan pa'i sems bskyed pas /	389a	rnam ba thams cad mkhyen ba nyid dang ldan ba sems skyed ba 
BO_K02_D0008-4_H0009-4:389a-11	de mi dmigs pa'i tshul gyis /	389a	de mi dmigs ba tshul gyis 
BO_K02_D0008-4_H0009-4:389a-12	yid kyi 'dus te reg pa'i rkyen gyis tshor ba ni mi rtag par yid la bya'o //	389a	yid kyi du te reg ba rkyen gyis tshor ba ni mi rtag ba yid la byed 
BO_K02_D0008-4_H0009-4:389a-13	yid kyi 'dus te reg pa'i rkyen gyis tshor ba ni sdug bsngal bar yid la bya'o //	389a	yid kyi du te reg ba rkyen gyis tshor ba ni sdug sngal ba yid la byed 
BO_K02_D0008-4_H0009-4:389a-14	yid kyi 'dus te reg pa'i rkyen gyis tshor ba ni bdag med par yid la bya'o //	389a	yid kyi du te reg ba rkyen gyis tshor ba ni bdag med ba yid la byed 
BO_K02_D0008-4_H0009-4:389a-15	yid kyi 'dus te reg pa'i rkyen gyis tshor ba ni zhi bar yid la bya'o //	389a	yid kyi du te reg ba rkyen gyis tshor ba ni zhi ba yid la byed 
BO_K02_D0008-4_H0009-4:389b-0	yid kyi 'dus @389b te reg pa'i rkyen gyis tshor ba ni dben par yid la bya'o //	389b	yid kyi du te reg ba rkyen gyis tshor ba ni dben ba yid la byed 
BO_K02_D0008-4_H0009-4:389b-1	yid kyi 'dus te reg pa'i rkyen gyis tshor ba ni nad du yid la bya'o //	389b	yid kyi du te reg ba rkyen gyis tshor ba ni nad du yid la byed 
BO_K02_D0008-4_H0009-4:389b-2	yid kyi 'dus te reg pa'i rkyen gyis tshor ba ni shu bar yid la bya'o //	389b	yid kyi du te reg ba rkyen gyis tshor ba ni shu ba yid la byed 
BO_K02_D0008-4_H0009-4:389b-3	yid kyi 'dus te reg pa'i rkyen gyis tshor ba ni zug rngur yid la bya'o //	389b	yid kyi du te reg ba rkyen gyis tshor ba ni zug rngur yid la byed 
BO_K02_D0008-4_H0009-4:389b-4	yid kyi 'dus te reg pa'i rkyen gyis tshor ba ni sdig par yid la bya'o //	389b	yid kyi du te reg ba rkyen gyis tshor ba ni sdig ba yid la byed 
BO_K02_D0008-4_H0009-4:389b-5	yid kyi 'dus te reg pa'i rkyen gyis tshor ba ni na bar yid la bya'o //	389b	yid kyi du te reg ba rkyen gyis tshor ba ni na ba yid la byed 
BO_K02_D0008-4_H0009-4:389b-6	yid kyi 'dus te reg pa'i rkyen gyis tshor ba ni dgrar yid la bya'o //	389b	yid kyi du te reg ba rkyen gyis tshor ba ni dgrar yid la byed 
BO_K02_D0008-4_H0009-4:389b-7	yid kyi 'dus te reg pa'i rkyen gyis tshor ba ni 'jig pa'i chos can du yid la bya'o //	389b	yid kyi du te reg ba rkyen gyis tshor ba ni jig ba chos can du yid la byed 
BO_K02_D0008-4_H0009-4:389b-8	yid kyi 'dus te reg pa'i rkyen gyis tshor ba ni mi brtan par yid la bya'o //	389b	yid kyi du te reg ba rkyen gyis tshor ba ni mi brtan ba yid la byed 
BO_K02_D0008-4_H0009-4:389b-9	yid kyi 'dus te reg pa'i rkyen gyis tshor ba ni 'jig par yid la bya'o //	389b	yid kyi du te reg ba rkyen gyis tshor ba ni jig ba yid la byed 
BO_K02_D0008-4_H0009-4:389b-10	yid kyi 'dus te reg pa'i rkyen gyis tshor ba ni 'jigs par yid la bya'o //	389b	yid kyi du te reg ba rkyen gyis tshor ba ni jigs ba yid la byed 
BO_K02_D0008-4_H0009-4:389b-11	yid kyi 'dus te reg pa'i rkyen gyis tshor ba ni 'go ba'i nad du yid la bya'o //	389b	yid kyi du te reg ba rkyen gyis tshor ba ni go ba nad du yid la byed 
BO_K02_D0008-4_H0009-4:389b-12	yid kyi 'dus te reg pa'i rkyen gyis tshor ba ni stong pa nyid du yid la bya'o //	389b	yid kyi du te reg ba rkyen gyis tshor ba ni stong ba nyid du yid la byed 
BO_K02_D0008-4_H0009-4:389b-13	yid kyi 'dus te reg pa'i rkyen gyis tshor ba ni bdag gi med par yid la bya'o //	389b	yid kyi du te reg ba rkyen gyis tshor ba ni bdag gi med ba yid la byed 
BO_K02_D0008-4_H0009-4:389b-14	yid kyi 'dus te reg pa'i rkyen gyis tshor ba ni yid brtan du mi rung bar yid la bya'o //	389b	yid kyi du te reg ba rkyen gyis tshor ba ni yid brtan du mi rung ba yid la byed 
BO_K02_D0008-4_H0009-4:389b-15	yid kyi 'dus te reg pa'i rkyen gyis tshor ba ni gnod par yid la bya'o ////	389b	yid kyi du te reg ba rkyen gyis tshor ba ni gnod ba yid la byed 
BO_K02_D0008-4_H0009-4:389b-16	shes rab kyi pha rol tu phyin pa stong phrag brgya pa //	389b	shes rab kyi pha rol tu phyin ba stong phrag brgya ba 
BO_K02_D0008-4_H0009-4:389b-17	bam po go bdun pa /	389b	bam po go bdun ba 
BO_K02_D0008-4_H0009-4:390a-0	@390a *// rnam pa thams cad mkhyen pa nyid dang ldan pa'i sems bskyed pas /	390a	rnam ba thams cad mkhyen ba nyid dang ldan ba sems skyed ba 
BO_K02_D0008-4_H0009-4:390a-1	de mi dmigs pa'i tshul gyis /	390a	de mi dmigs ba tshul gyis 
BO_K02_D0008-4_H0009-4:390a-2	sa'i khams ni mi rtag par yid la bya'o //	390a	sa khams ni mi rtag ba yid la byed 
BO_K02_D0008-4_H0009-4:390a-3	sa'i khams ni sdug bsngal bar yid la bya'o //	390a	sa khams ni sdug sngal ba yid la byed 
BO_K02_D0008-4_H0009-4:390a-4	sa'i khams ni bdag med par yid la bya'o //	390a	sa khams ni bdag med ba yid la byed 
BO_K02_D0008-4_H0009-4:390a-5	sa'i khams ni zhi bar yid la bya'o //	390a	sa khams ni zhi ba yid la byed 
BO_K02_D0008-4_H0009-4:390a-6	sa'i khams ni dben par yid la bya'o //	390a	sa khams ni dben ba yid la byed 
BO_K02_D0008-4_H0009-4:390a-7	sa'i khams ni nad du yid la bya'o //	390a	sa khams ni nad du yid la byed 
BO_K02_D0008-4_H0009-4:390a-8	sa'i khams ni shu bar yid la bya'o //	390a	sa khams ni shu ba yid la byed 
BO_K02_D0008-4_H0009-4:390a-9	sa'i khams ni zug rngur yid la bya'o //	390a	sa khams ni zug rngur yid la byed 
BO_K02_D0008-4_H0009-4:390a-10	sa'i khams ni sdig par yid la bya'o //	390a	sa khams ni sdig ba yid la byed 
BO_K02_D0008-4_H0009-4:390a-11	sa'i khams ni na bar yid la bya'o //	390a	sa khams ni na ba yid la byed 
BO_K02_D0008-4_H0009-4:390a-12	sa'i khams ni dgrar yid la bya'o //	390a	sa khams ni dgrar yid la byed 
BO_K02_D0008-4_H0009-4:390a-13	sa'i khams ni 'jig pa'i chos can du yid la bya'o //	390a	sa khams ni jig ba chos can du yid la byed 
BO_K02_D0008-4_H0009-4:390a-14	sa'i khams ni mi brtan par yid la bya'o //	390a	sa khams ni mi brtan ba yid la byed 
BO_K02_D0008-4_H0009-4:390a-15	sa'i khams ni 'jig par yid la bya'o //	390a	sa khams ni jig ba yid la byed 
BO_K02_D0008-4_H0009-4:390a-16	sa'i khams ni 'jigs par yid la bya'o //	390a	sa khams ni jigs ba yid la byed 
BO_K02_D0008-4_H0009-4:390a-17	sa'i khams ni 'go ba'i nad du yid la bya'o //	390a	sa khams ni go ba nad du yid la byed 
BO_K02_D0008-4_H0009-4:390a-18	sa'i khams ni stong pa nyid du yid la bya'o //	390a	sa khams ni stong ba nyid du yid la byed 
BO_K02_D0008-4_H0009-4:390a-19	sa'i khams ni bdag gi med par yid la bya'o //	390a	sa khams ni bdag gi med ba yid la byed 
BO_K02_D0008-4_H0009-4:390a-20	sa'i khams ni yid brtan du mi rung bar yid la bya'o //	390a	sa khams ni yid brtan du mi rung ba yid la byed 
BO_K02_D0008-4_H0009-4:390a-21	sa'i khams ni gnod par yid la bya'o //	390a	sa khams ni gnod ba yid la byed 
BO_K02_D0008-4_H0009-4:390a-22	rnam pa thams cad mkhyen pa nyid dang ldan pa'i sems bskyed pas /	390a	rnam ba thams cad mkhyen ba nyid dang ldan ba sems skyed ba 
BO_K02_D0008-4_H0009-4:390a-23	de mi dmigs pa'i tshul gyis /	390a	de mi dmigs ba tshul gyis 
BO_K02_D0008-4_H0009-4:390a-24	chu'i khams ni mi rtag par yid la bya'o //	390a	chu khams ni mi rtag ba yid la byed 
BO_K02_D0008-4_H0009-4:390a-25	chu'i khams ni sdug bsngal bar yid la bya'o //	390a	chu khams ni sdug sngal ba yid la byed 
BO_K02_D0008-4_H0009-4:390a-26	chu'i khams ni bdag med par yid la bya'o //	390a	chu khams ni bdag med ba yid la byed 
BO_K02_D0008-4_H0009-4:390b-0	chu'i khams ni zhi bar @390b yid la bya'o //	390b	chu khams ni zhi ba yid la byed 
BO_K02_D0008-4_H0009-4:390b-1	chu'i khams ni dben par yid la bya'o //	390b	chu khams ni dben ba yid la byed 
BO_K02_D0008-4_H0009-4:390b-2	chu'i khams ni nad du yid la bya'o //	390b	chu khams ni nad du yid la byed 
BO_K02_D0008-4_H0009-4:390b-3	chu'i khams ni shu bar yid la bya'o //	390b	chu khams ni shu ba yid la byed 
BO_K02_D0008-4_H0009-4:390b-4	chu'i khams ni zug rngur yid la bya'o //	390b	chu khams ni zug rngur yid la byed 
BO_K02_D0008-4_H0009-4:390b-5	chu'i khams ni sdig par yid la bya'o //	390b	chu khams ni sdig ba yid la byed 
BO_K02_D0008-4_H0009-4:390b-6	chu'i khams ni na bar yid la bya'o //	390b	chu khams ni na ba yid la byed 
BO_K02_D0008-4_H0009-4:390b-7	chu'i khams ni dgrar yid la bya'o //	390b	chu khams ni dgrar yid la byed 
BO_K02_D0008-4_H0009-4:390b-8	chu'i khams ni 'jig pa'i chos can du yid la bya'o //	390b	chu khams ni jig ba chos can du yid la byed 
BO_K02_D0008-4_H0009-4:390b-9	chu'i khams ni mi brtan par yid la bya'o //	390b	chu khams ni mi brtan ba yid la byed 
BO_K02_D0008-4_H0009-4:390b-10	chu'i khams ni 'jig par yid la bya'o //	390b	chu khams ni jig ba yid la byed 
BO_K02_D0008-4_H0009-4:390b-11	chu'i khams ni 'jigs par yid la bya'o //	390b	chu khams ni jigs ba yid la byed 
BO_K02_D0008-4_H0009-4:390b-12	chu'i khams ni 'go ba'i nad du yid la bya'o //	390b	chu khams ni go ba nad du yid la byed 
BO_K02_D0008-4_H0009-4:390b-13	chu'i khams ni stong pa nyid du yid la bya'o //	390b	chu khams ni stong ba nyid du yid la byed 
BO_K02_D0008-4_H0009-4:390b-14	chu'i khams ni bdag gi med par yid la bya'o //	390b	chu khams ni bdag gi med ba yid la byed 
BO_K02_D0008-4_H0009-4:390b-15	chu'i khams ni yid brtan du mi rung bar yid la bya'o //	390b	chu khams ni yid brtan du mi rung ba yid la byed 
BO_K02_D0008-4_H0009-4:390b-16	chu'i khams ni gnod par yid la bya'o //	390b	chu khams ni gnod ba yid la byed 
BO_K02_D0008-4_H0009-4:390b-17	rnam pa thams cad mkhyen pa nyid dang ldan pa'i sems bskyed pas /	390b	rnam ba thams cad mkhyen ba nyid dang ldan ba sems skyed ba 
BO_K02_D0008-4_H0009-4:390b-18	de mi dmigs pa'i tshul gyis /	390b	de mi dmigs ba tshul gyis 
BO_K02_D0008-4_H0009-4:390b-19	me'i khams ni mi rtag par yid la bya'o //	390b	me khams ni mi rtag ba yid la byed 
BO_K02_D0008-4_H0009-4:390b-20	me'i khams ni sdug bsngal bar yid la bya'o //	390b	me khams ni sdug sngal ba yid la byed 
BO_K02_D0008-4_H0009-4:390b-21	me'i khams ni bdag med par yid la bya'o //	390b	me khams ni bdag med ba yid la byed 
BO_K02_D0008-4_H0009-4:390b-22	me'i khams ni zhi bar yid la bya'o //	390b	me khams ni zhi ba yid la byed 
BO_K02_D0008-4_H0009-4:390b-23	me'i khams ni dben par yid la bya'o //	390b	me khams ni dben ba yid la byed 
BO_K02_D0008-4_H0009-4:390b-24	me'i khams ni nad du yid la bya'o //	390b	me khams ni nad du yid la byed 
BO_K02_D0008-4_H0009-4:390b-25	me'i khams ni shu bar yid la bya'o //	390b	me khams ni shu ba yid la byed 
BO_K02_D0008-4_H0009-4:390b-26	me'i khams ni zug rngur yid la bya'o //	390b	me khams ni zug rngur yid la byed 
BO_K02_D0008-4_H0009-4:390b-27	me'i khams ni sdig par yid la bya'o //	390b	me khams ni sdig ba yid la byed 
BO_K02_D0008-4_H0009-4:390b-28	me'i khams ni na bar yid la bya'o //	390b	me khams ni na ba yid la byed 
BO_K02_D0008-4_H0009-4:391a-0	me'i khams ni dgrar yid la @391a *//	391a	me khams ni dgrar yid la 
BO_K02_D0008-4_H0009-4:391a-1	bya'o // me'i khams ni 'jig pa'i chos can du yid la bya'o //	391a	byed me khams ni jig ba chos can du yid la byed 
BO_K02_D0008-4_H0009-4:391a-2	me'i khams ni mi brtan par yid la bya'o //	391a	me khams ni mi brtan ba yid la byed 
BO_K02_D0008-4_H0009-4:391a-3	me'i khams ni 'jig par yid la bya'o //	391a	me khams ni jig ba yid la byed 
BO_K02_D0008-4_H0009-4:391a-4	me'i khams ni 'jigs par yid la bya'o //	391a	me khams ni jigs ba yid la byed 
BO_K02_D0008-4_H0009-4:391a-5	me'i khams ni 'go ba'i nad du yid la bya'o //	391a	me khams ni go ba nad du yid la byed 
BO_K02_D0008-4_H0009-4:391a-6	me'i khams ni stong pa nyid du yid la bya'o //	391a	me khams ni stong ba nyid du yid la byed 
BO_K02_D0008-4_H0009-4:391a-7	me'i khams ni bdag gi med par yid la bya'o //	391a	me khams ni bdag gi med ba yid la byed 
BO_K02_D0008-4_H0009-4:391a-8	me'i khams ni yid brtan du mi rung bar yid la bya'o //	391a	me khams ni yid brtan du mi rung ba yid la byed 
BO_K02_D0008-4_H0009-4:391a-9	me'i khams ni gnod par yid la bya'o /	391a	me khams ni gnod ba yid la byed 
BO_K02_D0008-4_H0009-4:391a-10	rnam pa thams cad mkhyen pa nyid dang ldan pa'i sems bskyed pas /	391a	rnam ba thams cad mkhyen ba nyid dang ldan ba sems skyed ba 
BO_K02_D0008-4_H0009-4:391a-11	de mi dmigs pa'i tshul gyis /	391a	de mi dmigs ba tshul gyis 
BO_K02_D0008-4_H0009-4:391a-12	rlung gi khams ni mi rtag par yid la bya'o //	391a	rlung gi khams ni mi rtag ba yid la byed 
BO_K02_D0008-4_H0009-4:391a-13	rlung gi khams ni sdug bsngal bar yid la bya'o //	391a	rlung gi khams ni sdug sngal ba yid la byed 
BO_K02_D0008-4_H0009-4:391a-14	rlung gi khams ni bdag med par yid la bya'o //	391a	rlung gi khams ni bdag med ba yid la byed 
BO_K02_D0008-4_H0009-4:391a-15	rlung gi khams ni zhi bar yid la bya'o //	391a	rlung gi khams ni zhi ba yid la byed 
BO_K02_D0008-4_H0009-4:391a-16	rlung gi khams ni dben par yid la bya'o //	391a	rlung gi khams ni dben ba yid la byed 
BO_K02_D0008-4_H0009-4:391a-17	rlung gi khams ni nad du yid la bya'o //	391a	rlung gi khams ni nad du yid la byed 
BO_K02_D0008-4_H0009-4:391a-18	rlung gi khams ni shu bar yid la bya'o //	391a	rlung gi khams ni shu ba yid la byed 
BO_K02_D0008-4_H0009-4:391a-19	rlung gi khams ni zug rngur yid la bya'o //	391a	rlung gi khams ni zug rngur yid la byed 
BO_K02_D0008-4_H0009-4:391a-20	rlung gi khams ni sdig par yid la bya'o //	391a	rlung gi khams ni sdig ba yid la byed 
BO_K02_D0008-4_H0009-4:391a-21	rlung gi khams ni na par yid la bya'o //	391a	rlung gi khams ni na ba yid la byed 
BO_K02_D0008-4_H0009-4:391a-22	rlung gi khams ni dgrar yid la bya'o //	391a	rlung gi khams ni dgrar yid la byed 
BO_K02_D0008-4_H0009-4:391a-23	rlung gi khams ni 'jig pa'i chos can du yid la bya'o //	391a	rlung gi khams ni jig ba chos can du yid la byed 
BO_K02_D0008-4_H0009-4:391a-24	rlung gi khams ni mi brtan par yid la bya'o //	391a	rlung gi khams ni mi brtan ba yid la byed 
BO_K02_D0008-4_H0009-4:391a-25	rlung gi khams ni 'jig par yid la bya'o //	391a	rlung gi khams ni jig ba yid la byed 
BO_K02_D0008-4_H0009-4:391a-26	rlung gi khams ni 'jigs par yid la bya'o //	391a	rlung gi khams ni jigs ba yid la byed 
BO_K02_D0008-4_H0009-4:391b-0	rlung gi khams ni 'go @391b ba'i nad du yid la bya'o //	391b	rlung gi khams ni go ba nad du yid la byed 
BO_K02_D0008-4_H0009-4:391b-1	rlung gi khams ni stong pa nyid du yid la bya'o //	391b	rlung gi khams ni stong ba nyid du yid la byed 
BO_K02_D0008-4_H0009-4:391b-2	rlung gi khams ni bdag gi med par yid la bya'o //	391b	rlung gi khams ni bdag gi med ba yid la byed 
BO_K02_D0008-4_H0009-4:391b-3	rlung gi khams ni yid brtan du mi rung bar yid la bya'o //	391b	rlung gi khams ni yid brtan du mi rung ba yid la byed 
BO_K02_D0008-4_H0009-4:391b-4	rlung gi khams ni gnod par yid la bya'o //	391b	rlung gi khams ni gnod ba yid la byed 
BO_K02_D0008-4_H0009-4:391b-5	rnam pa thams cad mkhyen pa nyid dang ldan pa'i sems bskyed pas /	391b	rnam ba thams cad mkhyen ba nyid dang ldan ba sems skyed ba 
BO_K02_D0008-4_H0009-4:391b-6	de mi dmigs pa'i tshul gyis //	391b	de mi dmigs ba tshul gyis 
BO_K02_D0008-4_H0009-4:391b-7	nam mkha'i khams ni mi rtag par yid la bya'o //	391b	nam mkha khams ni mi rtag ba yid la byed 
BO_K02_D0008-4_H0009-4:391b-8	nam mkha'i khams ni sdug bsngal bar yid la bya'o //	391b	nam mkha khams ni sdug sngal ba yid la byed 
BO_K02_D0008-4_H0009-4:391b-9	nam mkha'i khams ni bdag med par yid la bya'o //	391b	nam mkha khams ni bdag med ba yid la byed 
BO_K02_D0008-4_H0009-4:391b-10	nam mkha'i khams ni zhi bar yid la bya'o //	391b	nam mkha khams ni zhi ba yid la byed 
BO_K02_D0008-4_H0009-4:391b-11	nam mkha'i khams ni dben par yid la bya'o //	391b	nam mkha khams ni dben ba yid la byed 
BO_K02_D0008-4_H0009-4:391b-12	nam mkha'i khams ni nad du yid la bya'o //	391b	nam mkha khams ni nad du yid la byed 
BO_K02_D0008-4_H0009-4:391b-13	nam mkha'i khams ni shu bar yid la bya'o //	391b	nam mkha khams ni shu ba yid la byed 
BO_K02_D0008-4_H0009-4:391b-14	nam mkha'i khams ni zug rngur yid la bya'o //	391b	nam mkha khams ni zug rngur yid la byed 
BO_K02_D0008-4_H0009-4:391b-15	nam mkha'i khams ni sdig par yid la bya'o //	391b	nam mkha khams ni sdig ba yid la byed 
BO_K02_D0008-4_H0009-4:391b-16	nam mkha'i khams ni na bar yid la bya'o //	391b	nam mkha khams ni na ba yid la byed 
BO_K02_D0008-4_H0009-4:391b-17	nam mkha'i khams ni dgrar yid la bya'o //	391b	nam mkha khams ni dgrar yid la byed 
BO_K02_D0008-4_H0009-4:391b-18	nam mkha'i khams ni 'jig pa'i chos can du yid la bya'o //	391b	nam mkha khams ni jig ba chos can du yid la byed 
BO_K02_D0008-4_H0009-4:391b-19	nam mkha'i khams ni mi brtan par yid la bya'o //	391b	nam mkha khams ni mi brtan ba yid la byed 
BO_K02_D0008-4_H0009-4:391b-20	nam mkha'i khams ni 'jig par yid la bya'o //	391b	nam mkha khams ni jig ba yid la byed 
BO_K02_D0008-4_H0009-4:391b-21	nam mkha'i khams ni 'jigs par yid la bya'o //	391b	nam mkha khams ni jigs ba yid la byed 
BO_K02_D0008-4_H0009-4:391b-22	nam mkha'i khams ni 'go ba'i nad du yid la bya'o //	391b	nam mkha khams ni go ba nad du yid la byed 
BO_K02_D0008-4_H0009-4:391b-23	nam mkha'i khams ni stong pa nyid du yid la bya'o //	391b	nam mkha khams ni stong ba nyid du yid la byed 
BO_K02_D0008-4_H0009-4:391b-24	nam mkha'i khams ni bdag gi med par yid la bya'o //	391b	nam mkha khams ni bdag gi med ba yid la byed 
BO_K02_D0008-4_H0009-4:392a-0	nam mkha'i khams ni yid brtan du mi rung bar yid la @392a *//	392a	nam mkha khams ni yid brtan du mi rung ba yid la 
BO_K02_D0008-4_H0009-4:392a-1	bya'o // nam mkha'i khams ni gnod par yid la bya'o //	392a	byed nam mkha khams ni gnod ba yid la byed 
BO_K02_D0008-4_H0009-4:392a-2	rnam pa thams cad mkhyen pa nyid dang ldan pa'i sems bskyed pas /	392a	rnam ba thams cad mkhyen ba nyid dang ldan ba sems skyed ba 
BO_K02_D0008-4_H0009-4:392a-3	de mi dmigs pa'i tshul gyis /	392a	de mi dmigs ba tshul gyis 
BO_K02_D0008-4_H0009-4:392a-4	rnam par shes pa'i khams ni mi rtag par yid la bya'o //	392a	rnam ba shes ba khams ni mi rtag ba yid la byed 
BO_K02_D0008-4_H0009-4:392a-5	rnam par shes pa'i khams ni sdug bsngal bar yid la bya'o //	392a	rnam ba shes ba khams ni sdug sngal ba yid la byed 
BO_K02_D0008-4_H0009-4:392a-6	rnam par shes pa'i khams ni bdag med par yid la bya'o //	392a	rnam ba shes ba khams ni bdag med ba yid la byed 
BO_K02_D0008-4_H0009-4:392a-7	rnam par shes pa'i khams ni zhi bar yid la bya'o //	392a	rnam ba shes ba khams ni zhi ba yid la byed 
BO_K02_D0008-4_H0009-4:392a-8	rnam par shes pa'i khams ni dben par yid la bya'o //	392a	rnam ba shes ba khams ni dben ba yid la byed 
BO_K02_D0008-4_H0009-4:392a-9	rnam par shes pa'i khams ni nad du yid la bya'o //	392a	rnam ba shes ba khams ni nad du yid la byed 
BO_K02_D0008-4_H0009-4:392a-10	rnam par shes pa'i khams ni shu bar yid la bya'o //	392a	rnam ba shes ba khams ni shu ba yid la byed 
BO_K02_D0008-4_H0009-4:392a-11	rnam par shes pa'i khams ni zug rngur yid la bya'o //	392a	rnam ba shes ba khams ni zug rngur yid la byed 
BO_K02_D0008-4_H0009-4:392a-12	rnam par shes pa'i khams ni sdig par yid la bya'o //	392a	rnam ba shes ba khams ni sdig ba yid la byed 
BO_K02_D0008-4_H0009-4:392a-13	rnam par shes pa'i khams ni na bar yid la bya'o //	392a	rnam ba shes ba khams ni na ba yid la byed 
BO_K02_D0008-4_H0009-4:392a-14	rnam par shes pa'i khams ni dgrar yid la bya'o //	392a	rnam ba shes ba khams ni dgrar yid la byed 
BO_K02_D0008-4_H0009-4:392a-15	rnam par shes pa'i khams ni 'jig pa'i chos can du yid la bya'o //	392a	rnam ba shes ba khams ni jig ba chos can du yid la byed 
BO_K02_D0008-4_H0009-4:392a-16	rnam par shes pa'i khams ni mi brtan par yid la bya'o //	392a	rnam ba shes ba khams ni mi brtan ba yid la byed 
BO_K02_D0008-4_H0009-4:392a-17	rnam par shes pa'i khams ni 'jig par yid la bya'o //	392a	rnam ba shes ba khams ni jig ba yid la byed 
BO_K02_D0008-4_H0009-4:392a-18	rnam par shes pa'i khams ni 'jigs par yid la bya'o //	392a	rnam ba shes ba khams ni jigs ba yid la byed 
BO_K02_D0008-4_H0009-4:392a-19	rnam par shes pa'i khams ni 'go ba'i nad du yid la bya'o //	392a	rnam ba shes ba khams ni go ba nad du yid la byed 
BO_K02_D0008-4_H0009-4:392a-20	rnam par shes pa'i khams ni stong pa nyid du yid la bya'o //	392a	rnam ba shes ba khams ni stong ba nyid du yid la byed 
BO_K02_D0008-4_H0009-4:392a-21	rnam par shes pa'i khams ni bdag gi med par yid la bya'o //	392a	rnam ba shes ba khams ni bdag gi med ba yid la byed 
BO_K02_D0008-4_H0009-4:392b-0	rnam par shes pa'i khams @392b ni yid brtan du mi rung bar yid la bya'o //	392b	rnam ba shes ba khams ni yid brtan du mi rung ba yid la byed 
BO_K02_D0008-4_H0009-4:392b-1	rnam par shes pa'i khams ni gnod par yid la bya'o //	392b	rnam ba shes ba khams ni gnod ba yid la byed 
BO_K02_D0008-4_H0009-4:392b-2	rnam par thams cad mkhyen pa nyid dang ldan pa'i sems bskyed pas /	392b	rnam ba thams cad mkhyen ba nyid dang ldan ba sems skyed ba 
BO_K02_D0008-4_H0009-4:392b-3	de mi dmigs pa'i tshul gyis /	392b	de mi dmigs ba tshul gyis 
BO_K02_D0008-4_H0009-4:392b-4	ma rig pa ni mi rtag par yid la bya'o //	392b	ma rig ba ni mi rtag ba yid la byed 
BO_K02_D0008-4_H0009-4:392b-5	ma rig pa ni sdug bsngal bar yid la bya'o //	392b	ma rig ba ni sdug sngal ba yid la byed 
BO_K02_D0008-4_H0009-4:392b-6	ma rig pa ni bdag med par yid la bya'o //	392b	ma rig ba ni bdag med ba yid la byed 
BO_K02_D0008-4_H0009-4:392b-7	ma rig pa ni zhi bar yid la bya'o //	392b	ma rig ba ni zhi ba yid la byed 
BO_K02_D0008-4_H0009-4:392b-8	ma rig pa ni dben par yid la bya'o //	392b	ma rig ba ni dben ba yid la byed 
BO_K02_D0008-4_H0009-4:392b-9	ma rig pa ni nad du yid la bya'o //	392b	ma rig ba ni nad du yid la byed 
BO_K02_D0008-4_H0009-4:392b-10	ma rig pa ni shu bar yid la bya'o //	392b	ma rig ba ni shu ba yid la byed 
BO_K02_D0008-4_H0009-4:392b-11	ma rig pa ni zug rngur yid la bya'o //	392b	ma rig ba ni zug rngur yid la byed 
BO_K02_D0008-4_H0009-4:392b-12	ma rig pa ni sdig par yid la bya'o //	392b	ma rig ba ni sdig ba yid la byed 
BO_K02_D0008-4_H0009-4:392b-13	ma rig pa ni na bar yid la bya'o //	392b	ma rig ba ni na ba yid la byed 
BO_K02_D0008-4_H0009-4:392b-14	ma rig pa ni dgrar yid la bya'o //	392b	ma rig ba ni dgrar yid la byed 
BO_K02_D0008-4_H0009-4:392b-15	ma rig pa ni 'jig pa'i chos can du yid la bya'o //	392b	ma rig ba ni jig ba chos can du yid la byed 
BO_K02_D0008-4_H0009-4:392b-16	ma rig pa ni mi brtan par yid la bya'o //	392b	ma rig ba ni mi brtan ba yid la byed 
BO_K02_D0008-4_H0009-4:392b-17	ma rig pa ni 'jig par yid la bya'o //	392b	ma rig ba ni jig ba yid la byed 
BO_K02_D0008-4_H0009-4:392b-18	ma rig pa ni 'jigs par yid la bya'o //	392b	ma rig ba ni jigs ba yid la byed 
BO_K02_D0008-4_H0009-4:392b-19	ma rig pa ni 'go pa'i nad du yid la bya'o //	392b	ma rig ba ni go ba nad du yid la byed 
BO_K02_D0008-4_H0009-4:392b-20	ma rig pa ni stong pa nyid du yid la bya'o //	392b	ma rig ba ni stong ba nyid du yid la byed 
BO_K02_D0008-4_H0009-4:392b-21	ma rig pa ni bdag gi med par yid la bya'o //	392b	ma rig ba ni bdag gi med ba yid la byed 
BO_K02_D0008-4_H0009-4:392b-22	ma rig pa ni yid brtan du mi rung bar yid la bya'o //	392b	ma rig ba ni yid brtan du mi rung ba yid la byed 
BO_K02_D0008-4_H0009-4:392b-23	ma rig pa ni gnod par yid la bya'o //	392b	ma rig ba ni gnod ba yid la byed 
BO_K02_D0008-4_H0009-4:392b-24	rnam pa thams cad mkhyen pa nyid dang ldan pa'i sems bskyed pas /	392b	rnam ba thams cad mkhyen ba nyid dang ldan ba sems skyed ba 
BO_K02_D0008-4_H0009-4:392b-25	de mi dmigs pa'i tshul gyis /	392b	de mi dmigs ba tshul gyis 
BO_K02_D0008-4_H0009-4:392b-26	'du byed ni mi rtag par yid la bya'o //	392b	du byed ni mi rtag ba yid la byed 
BO_K02_D0008-4_H0009-4:392b-27	'du byed ni sdug bsngal bar yid la bya'o //	392b	du byed ni sdug sngal ba yid la byed 
BO_K02_D0008-4_H0009-4:392b-28	'du byed ni bdag med par yid la bya'o //	392b	du byed ni bdag med ba yid la byed 
BO_K02_D0008-4_H0009-4:393a-0	'du byed ni zhi bar @393a *//	393a	du byed ni zhi ba 
BO_K02_D0008-4_H0009-4:393a-1	yid la bya'o //	393a	yid la byed 
BO_K02_D0008-4_H0009-4:393a-2	'du byed ni dben par yid la bya'o //	393a	du byed ni dben ba yid la byed 
BO_K02_D0008-4_H0009-4:393a-3	'du byed ni nad du yid la bya'o //	393a	du byed ni nad du yid la byed 
BO_K02_D0008-4_H0009-4:393a-4	'du byed ni shu bar yid la bya'o //	393a	du byed ni shu ba yid la byed 
BO_K02_D0008-4_H0009-4:393a-5	'du byed ni zug rngur yid la bya'o //	393a	du byed ni zug rngur yid la byed 
BO_K02_D0008-4_H0009-4:393a-6	'du byed ni sdig par yid la bya'o //	393a	du byed ni sdig ba yid la byed 
BO_K02_D0008-4_H0009-4:393a-7	'du byed ni na bar yid la bya'o //	393a	du byed ni na ba yid la byed 
BO_K02_D0008-4_H0009-4:393a-8	'du byed ni dgrar yid la bya'o //	393a	du byed ni dgrar yid la byed 
BO_K02_D0008-4_H0009-4:393a-9	'du byed ni 'jig pa'i chos can du yid la bya'o //	393a	du byed ni jig ba chos can du yid la byed 
BO_K02_D0008-4_H0009-4:393a-10	'du byed ni mi brtan par yid la bya'o //	393a	du byed ni mi brtan ba yid la byed 
BO_K02_D0008-4_H0009-4:393a-11	'du byed ni 'jig par yid la bya'o //	393a	du byed ni jig ba yid la byed 
BO_K02_D0008-4_H0009-4:393a-12	'du byed ni 'jigs par yid la bya'o //	393a	du byed ni jigs ba yid la byed 
BO_K02_D0008-4_H0009-4:393a-13	'du byed ni 'go ba'i nad du yid la bya'o //	393a	du byed ni go ba nad du yid la byed 
BO_K02_D0008-4_H0009-4:393a-14	'du byed ni stong pa nyid du yid la bya'o //	393a	du byed ni stong ba nyid du yid la byed 
BO_K02_D0008-4_H0009-4:393a-15	'du byed ni bdag gi med par yid la bya'o //	393a	du byed ni bdag gi med ba yid la byed 
BO_K02_D0008-4_H0009-4:393a-16	'du byed ni yid brtan du mi rung bar yid la bya'o //	393a	du byed ni yid brtan du mi rung ba yid la byed 
BO_K02_D0008-4_H0009-4:393a-17	'du byed ni gnod par yid la bya'o //	393a	du byed ni gnod ba yid la byed 
BO_K02_D0008-4_H0009-4:393a-18	rnam pa thams cad mkhyen pa nyid dang ldan pa'i sems bskyed pas /	393a	rnam ba thams cad mkhyen ba nyid dang ldan ba sems skyed ba 
BO_K02_D0008-4_H0009-4:393a-19	de mi dmigs pa'i tshul gyis /	393a	de mi dmigs ba tshul gyis 
BO_K02_D0008-4_H0009-4:393a-20	rnam par shes pa ni mi rtag par yid la bya'o //	393a	rnam ba shes ba ni mi rtag ba yid la byed 
BO_K02_D0008-4_H0009-4:393a-21	rnam par shes pa ni sdug bsngal bar yid la bya'o //	393a	rnam ba shes ba ni sdug sngal ba yid la byed 
BO_K02_D0008-4_H0009-4:393a-22	rnam par shes pa ni bdag med par yid la bya'o //	393a	rnam ba shes ba ni bdag med ba yid la byed 
BO_K02_D0008-4_H0009-4:393a-23	rnam par shes pa ni zhi bar yid la bya'o //	393a	rnam ba shes ba ni zhi ba yid la byed 
BO_K02_D0008-4_H0009-4:393a-24	rnam par shes pa ni dben par yid la bya'o //	393a	rnam ba shes ba ni dben ba yid la byed 
BO_K02_D0008-4_H0009-4:393a-25	rnam par shes pa ni nad du yid la bya'o //	393a	rnam ba shes ba ni nad du yid la byed 
BO_K02_D0008-4_H0009-4:393a-26	rnam par shes pa ni shu bar yid la bya'o //	393a	rnam ba shes ba ni shu ba yid la byed 
BO_K02_D0008-4_H0009-4:393a-27	rnam par shes pa ni zug rngur yid la bya'o //	393a	rnam ba shes ba ni zug rngur yid la byed 
BO_K02_D0008-4_H0009-4:393a-28	rnam par shes pa ni sdig par yid la bya'o //	393a	rnam ba shes ba ni sdig ba yid la byed 
BO_K02_D0008-4_H0009-4:393a-29	rnam par shes pa ni na bar yid la bya'o //	393a	rnam ba shes ba ni na ba yid la byed 
BO_K02_D0008-4_H0009-4:393b-0	rnam par shes pa ni dgrar yid @393b la bya'o //	393b	rnam ba shes ba ni dgrar yid la byed 
BO_K02_D0008-4_H0009-4:393b-1	rnam par shes pa ni 'jig pa'i chos can du yid la bya'o //	393b	rnam ba shes ba ni jig ba chos can du yid la byed 
BO_K02_D0008-4_H0009-4:393b-2	rnam par shes pa ni mi brtan par yid la bya'o //	393b	rnam ba shes ba ni mi brtan ba yid la byed 
BO_K02_D0008-4_H0009-4:393b-3	rnam par shes pa ni 'jig par yid la bya'o //	393b	rnam ba shes ba ni jig ba yid la byed 
BO_K02_D0008-4_H0009-4:393b-4	rnam par shes pa ni 'jigs par yid la bya'o //	393b	rnam ba shes ba ni jigs ba yid la byed 
BO_K02_D0008-4_H0009-4:393b-5	rnam par shes pa ni 'go ba'i nad du yid la bya'o //	393b	rnam ba shes ba ni go ba nad du yid la byed 
BO_K02_D0008-4_H0009-4:393b-6	rnam par shes pa ni stong pa nyid du yid la bya'o //	393b	rnam ba shes ba ni stong ba nyid du yid la byed 
BO_K02_D0008-4_H0009-4:393b-7	rnam par shes pa ni bdag gi med par yid la bya'o //	393b	rnam ba shes ba ni bdag gi med ba yid la byed 
BO_K02_D0008-4_H0009-4:393b-8	rnam par shes pa ni yid brtan du mi rung bar yid la bya'o //	393b	rnam ba shes ba ni yid brtan du mi rung ba yid la byed 
BO_K02_D0008-4_H0009-4:393b-9	rnam par shes pa ni gnod par yid la bya'o //	393b	rnam ba shes ba ni gnod ba yid la byed 
BO_K02_D0008-4_H0009-4:393b-10	rnam pa thams cad mkhyen pa nyid dang ldan pa'i sems bskyed pas /	393b	rnam ba thams cad mkhyen ba nyid dang ldan ba sems skyed ba 
BO_K02_D0008-4_H0009-4:393b-11	de mi dmigs pa'i tshul gyis /	393b	de mi dmigs ba tshul gyis 
BO_K02_D0008-4_H0009-4:393b-12	ming dang gzugs ni mi rtag par yid la bya'o //	393b	ming dang gzugs ni mi rtag ba yid la byed 
BO_K02_D0008-4_H0009-4:393b-13	ming dang gzugs ni sdug bsngal bar yid la bya'o //	393b	ming dang gzugs ni sdug sngal ba yid la byed 
BO_K02_D0008-4_H0009-4:393b-14	ming dang gzugs ni bdag med par yid la bya'o //	393b	ming dang gzugs ni bdag med ba yid la byed 
BO_K02_D0008-4_H0009-4:393b-15	ming dang gzugs ni zhi bar yid la bya'o //	393b	ming dang gzugs ni zhi ba yid la byed 
BO_K02_D0008-4_H0009-4:393b-16	ming dang gzugs ni dben par yid la bya'o //	393b	ming dang gzugs ni dben ba yid la byed 
BO_K02_D0008-4_H0009-4:393b-17	ming dang gzugs ni nad du yid la bya'o //	393b	ming dang gzugs ni nad du yid la byed 
BO_K02_D0008-4_H0009-4:393b-18	ming dang gzugs ni shu bar yid la bya'o //	393b	ming dang gzugs ni shu ba yid la byed 
BO_K02_D0008-4_H0009-4:393b-19	ming dang gzugs ni zug rngur yid la bya'o //	393b	ming dang gzugs ni zug rngur yid la byed 
BO_K02_D0008-4_H0009-4:393b-20	ming dang gzugs ni sdig par yid la bya'o //	393b	ming dang gzugs ni sdig ba yid la byed 
BO_K02_D0008-4_H0009-4:393b-21	ming dang gzugs ni na bar yid la bya'o //	393b	ming dang gzugs ni na ba yid la byed 
BO_K02_D0008-4_H0009-4:393b-22	ming dang gzugs ni dgrar yid la bya'o //	393b	ming dang gzugs ni dgrar yid la byed 
BO_K02_D0008-4_H0009-4:393b-23	ming dang gzugs ni 'jig pa'i chos can du yid la bya'o //	393b	ming dang gzugs ni jig ba chos can du yid la byed 
BO_K02_D0008-4_H0009-4:393b-24	ming dang gzugs ni mi brtan par yid la bya'o //	393b	ming dang gzugs ni mi brtan ba yid la byed 
BO_K02_D0008-4_H0009-4:393b-25	ming dang gzugs ni 'jig par yid la bya'o //	393b	ming dang gzugs ni jig ba yid la byed 
BO_K02_D0008-4_H0009-4:394a-0	ming dang gzugs ni 'jigs par @394a *//	394a	ming dang gzugs ni jigs ba 
BO_K02_D0008-4_H0009-4:394a-1	yid la bya'o //	394a	yid la byed 
BO_K02_D0008-4_H0009-4:394a-2	ming dang gzugs ni 'go ba'i nad du yid la bya'o //	394a	ming dang gzugs ni go ba nad du yid la byed 
BO_K02_D0008-4_H0009-4:394a-3	ming dang gzugs ni stong pa nyid du yid la bya'o //	394a	ming dang gzugs ni stong ba nyid du yid la byed 
BO_K02_D0008-4_H0009-4:394a-4	ming dang gzugs ni bdag gi med par yid la bya'o //	394a	ming dang gzugs ni bdag gi med ba yid la byed 
BO_K02_D0008-4_H0009-4:394a-5	ming dang gzugs ni yid brtan du mi rung bar yid la bya'o //	394a	ming dang gzugs ni yid brtan du mi rung ba yid la byed 
BO_K02_D0008-4_H0009-4:394a-6	ming dang gzugs ni gnod par yid la bya'o //	394a	ming dang gzugs ni gnod ba yid la byed 
BO_K02_D0008-4_H0009-4:394a-7	rnam pa thams cad mkhyen pa nyid dang ldan pa'i sems bskyed pas /	394a	rnam ba thams cad mkhyen ba nyid dang ldan ba sems skyed ba 
BO_K02_D0008-4_H0009-4:394a-8	de mi dmigs pa'i tshul gyis /	394a	de mi dmigs ba tshul gyis 
BO_K02_D0008-4_H0009-4:394a-9	skye mched drug ni mi rtag par yid la bya'o //	394a	skye mched drug ni mi rtag ba yid la byed 
BO_K02_D0008-4_H0009-4:394a-10	skye mched drug ni sdug bsngal bar yid la bya'o //	394a	skye mched drug ni sdug sngal ba yid la byed 
BO_K02_D0008-4_H0009-4:394a-11	skye mched drug ni bdag med par yid la bya'o //	394a	skye mched drug ni bdag med ba yid la byed 
BO_K02_D0008-4_H0009-4:394a-12	skye mched drug ni zhi bar yid la bya'o //	394a	skye mched drug ni zhi ba yid la byed 
BO_K02_D0008-4_H0009-4:394a-13	skye mched drug ni dben par yid la bya'o //	394a	skye mched drug ni dben ba yid la byed 
BO_K02_D0008-4_H0009-4:394a-14	skye mched drug ni nad du yid la bya'o //	394a	skye mched drug ni nad du yid la byed 
BO_K02_D0008-4_H0009-4:394a-15	skye mched drug ni shu bar yid la bya'o //	394a	skye mched drug ni shu ba yid la byed 
BO_K02_D0008-4_H0009-4:394a-16	skye mched drug ni zug rngur yid la bya'o //	394a	skye mched drug ni zug rngur yid la byed 
BO_K02_D0008-4_H0009-4:394a-17	skye mched drug ni sdig par yid la bya'o //	394a	skye mched drug ni sdig ba yid la byed 
BO_K02_D0008-4_H0009-4:394a-18	skye mched drug ni na bar yid la bya'o //	394a	skye mched drug ni na ba yid la byed 
BO_K02_D0008-4_H0009-4:394a-19	skye mched drug ni dgrar yid la bya'o //	394a	skye mched drug ni dgrar yid la byed 
BO_K02_D0008-4_H0009-4:394a-20	skye mched drug ni 'jig pa'i chos can du yid la bya'o //	394a	skye mched drug ni jig ba chos can du yid la byed 
BO_K02_D0008-4_H0009-4:394a-21	skye mched drug ni mi brtan par yid la bya'o //	394a	skye mched drug ni mi brtan ba yid la byed 
BO_K02_D0008-4_H0009-4:394a-22	skye mched drug ni 'jig par yid la bya'o //	394a	skye mched drug ni jig ba yid la byed 
BO_K02_D0008-4_H0009-4:394a-23	skye mched drug ni 'jigs par yid la bya'o //	394a	skye mched drug ni jigs ba yid la byed 
BO_K02_D0008-4_H0009-4:394a-24	skye mched drug ni 'go ba'i nad du yid la bya'o //	394a	skye mched drug ni go ba nad du yid la byed 
BO_K02_D0008-4_H0009-4:394a-25	skye mched drug ni stong pa nyid du yid la bya'o //	394a	skye mched drug ni stong ba nyid du yid la byed 
BO_K02_D0008-4_H0009-4:394a-26	skye mched drug ni bdag gi med par yid la bya'o //	394a	skye mched drug ni bdag gi med ba yid la byed 
BO_K02_D0008-4_H0009-4:394b-0	skye mched drug ni yid brtan du mi rung bar @394b yid la bya'o //	394b	skye mched drug ni yid brtan du mi rung ba yid la byed 
BO_K02_D0008-4_H0009-4:394b-1	skye mched drug ni gnod par yid la bya'o //	394b	skye mched drug ni gnod ba yid la byed 
BO_K02_D0008-4_H0009-4:394b-2	rnam pa thams cad mkhyen pa nyid dang ldan pa'i sems bskyed pas /	394b	rnam ba thams cad mkhyen ba nyid dang ldan ba sems skyed ba 
BO_K02_D0008-4_H0009-4:394b-3	de mi dmigs pa'i tshul gyis /	394b	de mi dmigs ba tshul gyis 
BO_K02_D0008-4_H0009-4:394b-4	reg pa ni mi rtag par yid la bya'o //	394b	reg ba ni mi rtag ba yid la byed 
BO_K02_D0008-4_H0009-4:394b-5	reg pa ni sdug bsngal bar yid la bya'o //	394b	reg ba ni sdug sngal ba yid la byed 
BO_K02_D0008-4_H0009-4:394b-6	reg pa ni bdag med par yid la bya'o //	394b	reg ba ni bdag med ba yid la byed 
BO_K02_D0008-4_H0009-4:394b-7	reg pa ni zhi bar yid la bya'o //	394b	reg ba ni zhi ba yid la byed 
BO_K02_D0008-4_H0009-4:394b-8	reg pa ni dben par yid la bya'o //	394b	reg ba ni dben ba yid la byed 
BO_K02_D0008-4_H0009-4:394b-9	reg pa ni nad du yid la bya'o //	394b	reg ba ni nad du yid la byed 
BO_K02_D0008-4_H0009-4:394b-10	reg pa ni shu bar yid la bya'o //	394b	reg ba ni shu ba yid la byed 
BO_K02_D0008-4_H0009-4:394b-11	reg pa ni zug rngur yid la bya'o //	394b	reg ba ni zug rngur yid la byed 
BO_K02_D0008-4_H0009-4:394b-12	reg pa ni sdig par yid la bya'o //	394b	reg ba ni sdig ba yid la byed 
BO_K02_D0008-4_H0009-4:394b-13	reg pa ni na bar yid la bya'o //	394b	reg ba ni na ba yid la byed 
BO_K02_D0008-4_H0009-4:394b-14	reg pa ni dgrar yid la bya'o //	394b	reg ba ni dgrar yid la byed 
BO_K02_D0008-4_H0009-4:394b-15	reg pa ni 'jig pa'i chos can du yid la bya'o //	394b	reg ba ni jig ba chos can du yid la byed 
BO_K02_D0008-4_H0009-4:394b-16	reg pa ni mi brtan par yid la bya'o //	394b	reg ba ni mi brtan ba yid la byed 
BO_K02_D0008-4_H0009-4:394b-17	reg pa ni 'jig par yid la bya'o //	394b	reg ba ni jig ba yid la byed 
BO_K02_D0008-4_H0009-4:394b-18	reg pa ni 'jigs par yid la bya'o //	394b	reg ba ni jigs ba yid la byed 
BO_K02_D0008-4_H0009-4:394b-19	reg pa ni 'go ba'i nad du yid la bya'o //	394b	reg ba ni go ba nad du yid la byed 
BO_K02_D0008-4_H0009-4:394b-20	reg pa ni stong pa nyid du yid la bya'o //	394b	reg ba ni stong ba nyid du yid la byed 
BO_K02_D0008-4_H0009-4:394b-21	reg pa ni bdag gi med par yid la bya'o //	394b	reg ba ni bdag gi med ba yid la byed 
BO_K02_D0008-4_H0009-4:394b-22	reg pa ni yid brtan du mi rung bar yid la bya'o //	394b	reg ba ni yid brtan du mi rung ba yid la byed 
BO_K02_D0008-4_H0009-4:394b-23	reg pa ni gnod par yid la bya'o //	394b	reg ba ni gnod ba yid la byed 
BO_K02_D0008-4_H0009-4:394b-24	rnam pa thams cad mkhyen pa nyid dang ldan pa'i sems bskyed pas /	394b	rnam ba thams cad mkhyen ba nyid dang ldan ba sems skyed ba 
BO_K02_D0008-4_H0009-4:394b-25	de mi dmigs pa'i tshul gyis /	394b	de mi dmigs ba tshul gyis 
BO_K02_D0008-4_H0009-4:394b-26	tshor ba ni mi rtag par yid la bya'o //	394b	tshor ba ni mi rtag ba yid la byed 
BO_K02_D0008-4_H0009-4:394b-27	tshor ba ni sdug bsngal bar yid la bya'o //	394b	tshor ba ni sdug sngal ba yid la byed 
BO_K02_D0008-4_H0009-4:394b-28	tshor ba ni bdag med par yid la bya'o //	394b	tshor ba ni bdag med ba yid la byed 
BO_K02_D0008-4_H0009-4:394b-29	tshor ba ni zhi bar yid la bya'o //	394b	tshor ba ni zhi ba yid la byed 
BO_K02_D0008-4_H0009-4:394b-30	tshor ba ni dben par yid la bya'o //	394b	tshor ba ni dben ba yid la byed 
BO_K02_D0008-4_H0009-4:394b-31	tshor ba ni nad du yid la bya'o //	394b	tshor ba ni nad du yid la byed 
BO_K02_D0008-4_H0009-4:394b-32	tshor ba ni shu bar yid la bya'o //	394b	tshor ba ni shu ba yid la byed 
BO_K02_D0008-4_H0009-4:395a-0	tshor ba ni zug rngur yid @395a *//	395a	tshor ba ni zug rngur yid 
BO_K02_D0008-4_H0009-4:395a-1	la bya'o // tshor ba ni sdig par yid la bya'o //	395a	la byed tshor ba ni sdig ba yid la byed 
BO_K02_D0008-4_H0009-4:395a-2	tshor ba ni na bar yid la bya'o //	395a	tshor ba ni na ba yid la byed 
BO_K02_D0008-4_H0009-4:395a-3	tshor ba ni dgrar yid la bya'o //	395a	tshor ba ni dgrar yid la byed 
BO_K02_D0008-4_H0009-4:395a-4	tshor ba ni 'jig pa'i chos can du yid la bya'o //	395a	tshor ba ni jig ba chos can du yid la byed 
BO_K02_D0008-4_H0009-4:395a-5	tshor ba ni mi brtan par yid la bya'o //	395a	tshor ba ni mi brtan ba yid la byed 
BO_K02_D0008-4_H0009-4:395a-6	tshor ba ni 'jig par yid la bya'o //	395a	tshor ba ni jig ba yid la byed 
BO_K02_D0008-4_H0009-4:395a-7	tshor ba ni 'jigs par yid la bya'o //	395a	tshor ba ni jigs ba yid la byed 
BO_K02_D0008-4_H0009-4:395a-8	tshor ba ni 'go ba'i nad du yid la bya'o //	395a	tshor ba ni go ba nad du yid la byed 
BO_K02_D0008-4_H0009-4:395a-9	tshor ba ni stong pa nyid du yid la bya'o //	395a	tshor ba ni stong ba nyid du yid la byed 
BO_K02_D0008-4_H0009-4:395a-10	tshor ba ni bdag gi med par yid la bya'o //	395a	tshor ba ni bdag gi med ba yid la byed 
BO_K02_D0008-4_H0009-4:395a-11	tshor ba ni yid brtan du mi rung bar yid la bya'o //	395a	tshor ba ni yid brtan du mi rung ba yid la byed 
BO_K02_D0008-4_H0009-4:395a-12	tshor ba ni gnod par yid la bya'o //	395a	tshor ba ni gnod ba yid la byed 
BO_K02_D0008-4_H0009-4:395a-13	rnam pa thams cad mkhyen pa nyid dang ldan pa'i sems bskyed pas /	395a	rnam ba thams cad mkhyen ba nyid dang ldan ba sems skyed ba 
BO_K02_D0008-4_H0009-4:395a-14	de mi dmigs pa'i tshul gyis /	395a	de mi dmigs ba tshul gyis 
BO_K02_D0008-4_H0009-4:395a-15	sred pa ni mi rtag par yid la bya'o //	395a	sred ba ni mi rtag ba yid la byed 
BO_K02_D0008-4_H0009-4:395a-16	sred pa ni sdug bsngal bar yid la bya'o //	395a	sred ba ni sdug sngal ba yid la byed 
BO_K02_D0008-4_H0009-4:395a-17	sred pa ni bdag med par yid la bya'o //	395a	sred ba ni bdag med ba yid la byed 
BO_K02_D0008-4_H0009-4:395a-18	sred pa ni zhi bar yid la bya'o //	395a	sred ba ni zhi ba yid la byed 
BO_K02_D0008-4_H0009-4:395a-19	sred pa ni dben par yid la bya'o //	395a	sred ba ni dben ba yid la byed 
BO_K02_D0008-4_H0009-4:395a-20	sred pa ni nad du yid la bya'o //	395a	sred ba ni nad du yid la byed 
BO_K02_D0008-4_H0009-4:395a-21	sred pa ni shu bar yid la bya'o //	395a	sred ba ni shu ba yid la byed 
BO_K02_D0008-4_H0009-4:395a-22	sred pa ni zug rngur yid la bya'o //	395a	sred ba ni zug rngur yid la byed 
BO_K02_D0008-4_H0009-4:395a-23	sred pa ni sdig par yid la bya'o //	395a	sred ba ni sdig ba yid la byed 
BO_K02_D0008-4_H0009-4:395a-24	sred pa ni na bar yid la bya'o //	395a	sred ba ni na ba yid la byed 
BO_K02_D0008-4_H0009-4:395a-25	sred pa ni dgrar yid la bya'o //	395a	sred ba ni dgrar yid la byed 
BO_K02_D0008-4_H0009-4:395a-26	sred pa ni 'jig pa'i chos can du yid la bya'o //	395a	sred ba ni jig ba chos can du yid la byed 
BO_K02_D0008-4_H0009-4:395a-27	sred pa ni mi brtan par yid la bya'o //	395a	sred ba ni mi brtan ba yid la byed 
BO_K02_D0008-4_H0009-4:395a-28	sred pa ni 'jig par yid la bya'o //	395a	sred ba ni jig ba yid la byed 
BO_K02_D0008-4_H0009-4:395a-29	sred pa ni 'jigs par yid la bya'o //	395a	sred ba ni jigs ba yid la byed 
BO_K02_D0008-4_H0009-4:395a-30	sred pa ni 'go ba'i nad du yid la bya'o //	395a	sred ba ni go ba nad du yid la byed 
BO_K02_D0008-4_H0009-4:395a-31	sred pa ni stong pa nyid du yid la bya'o //	395a	sred ba ni stong ba nyid du yid la byed 
BO_K02_D0008-4_H0009-4:395b-0	sred pa ni bdag gi @395b med par yid la bya'o //	395b	sred ba ni bdag gi med ba yid la byed 
BO_K02_D0008-4_H0009-4:395b-1	sred pa ni yid brtan du mi rung bar yid la bya'o //	395b	sred ba ni yid brtan du mi rung ba yid la byed 
BO_K02_D0008-4_H0009-4:395b-2	sred pa ni gnod par yid la bya'o //	395b	sred ba ni gnod ba yid la byed 
BO_K02_D0008-4_H0009-4:395b-3	rnam pa thams cad mkhyen pa nyid dang ldan pa'i sems bskyed pas /	395b	rnam ba thams cad mkhyen ba nyid dang ldan ba sems skyed ba 
BO_K02_D0008-4_H0009-4:395b-4	de mi dmigs pa'i tshul gyis /	395b	de mi dmigs ba tshul gyis 
BO_K02_D0008-4_H0009-4:395b-5	len pa ni mi rtag par yid la bya'o //	395b	len ba ni mi rtag ba yid la byed 
BO_K02_D0008-4_H0009-4:395b-6	len pa ni sdug bsngal bar yid la bya'o //	395b	len ba ni sdug sngal ba yid la byed 
BO_K02_D0008-4_H0009-4:395b-7	len pa ni bdag med par yid la bya'o //	395b	len ba ni bdag med ba yid la byed 
BO_K02_D0008-4_H0009-4:395b-8	len pa ni zhi bar yid la bya'o //	395b	len ba ni zhi ba yid la byed 
BO_K02_D0008-4_H0009-4:395b-9	len pa ni dben par yid la bya'o //	395b	len ba ni dben ba yid la byed 
BO_K02_D0008-4_H0009-4:395b-10	len pa ni nad du yid la bya'o //	395b	len ba ni nad du yid la byed 
BO_K02_D0008-4_H0009-4:395b-11	len pa ni shu bar yid la bya'o //	395b	len ba ni shu ba yid la byed 
BO_K02_D0008-4_H0009-4:395b-12	len pa ni zug rngur yid la bya'o //	395b	len ba ni zug rngur yid la byed 
BO_K02_D0008-4_H0009-4:395b-13	len pa ni sdig par yid la bya'o //	395b	len ba ni sdig ba yid la byed 
BO_K02_D0008-4_H0009-4:395b-14	len pa ni na bar yid la bya'o //	395b	len ba ni na ba yid la byed 
BO_K02_D0008-4_H0009-4:395b-15	len pa ni dgrar yid la bya'o //	395b	len ba ni dgrar yid la byed 
BO_K02_D0008-4_H0009-4:395b-16	len pa ni 'jig pa'i chos can du yid la bya'o //	395b	len ba ni jig ba chos can du yid la byed 
BO_K02_D0008-4_H0009-4:395b-17	len pa ni mi brtan par yid la bya'o //	395b	len ba ni mi brtan ba yid la byed 
BO_K02_D0008-4_H0009-4:395b-18	len pa ni 'jig par yid la bya'o //	395b	len ba ni jig ba yid la byed 
BO_K02_D0008-4_H0009-4:395b-19	len pa ni 'jigs par yid la bya'o //	395b	len ba ni jigs ba yid la byed 
BO_K02_D0008-4_H0009-4:395b-20	len pa ni 'go ba'i nad du yid la bya'o //	395b	len ba ni go ba nad du yid la byed 
BO_K02_D0008-4_H0009-4:395b-21	len pa ni stong pa nyid du yid la bya'o //	395b	len ba ni stong ba nyid du yid la byed 
BO_K02_D0008-4_H0009-4:395b-22	len pa ni bdag gi med par yid la bya'o //	395b	len ba ni bdag gi med ba yid la byed 
BO_K02_D0008-4_H0009-4:395b-23	len pa ni yid brtan du mi rung bar yid la bya'o //	395b	len ba ni yid brtan du mi rung ba yid la byed 
BO_K02_D0008-4_H0009-4:395b-24	len pa ni gnod par yid la bya'o //	395b	len ba ni gnod ba yid la byed 
BO_K02_D0008-4_H0009-4:395b-25	rnam pa thams cad mkhyen pa nyid dang ldan pa'i sems bskyed pas /	395b	rnam ba thams cad mkhyen ba nyid dang ldan ba sems skyed ba 
BO_K02_D0008-4_H0009-4:395b-26	de mi dmigs pa'i tshul gyis /	395b	de mi dmigs ba tshul gyis 
BO_K02_D0008-4_H0009-4:395b-27	srid pa ni mi rtag par yid la bya'o //	395b	srid ba ni mi rtag ba yid la byed 
BO_K02_D0008-4_H0009-4:395b-28	srid pa ni sdug bsngal bar yid la bya'o //	395b	srid ba ni sdug sngal ba yid la byed 
BO_K02_D0008-4_H0009-4:395b-29	srid pa ni bdag med par yid la bya'o //	395b	srid ba ni bdag med ba yid la byed 
BO_K02_D0008-4_H0009-4:395b-30	srid pa ni zhi bar yid la bya'o //	395b	srid ba ni zhi ba yid la byed 
BO_K02_D0008-4_H0009-4:395b-31	srid pa ni dben par yid la bya'o //	395b	srid ba ni dben ba yid la byed 
BO_K02_D0008-4_H0009-4:396a-0	srid @396a *// pa ni nad du yid la bya'o //	396a	srid ba ni nad du yid la byed 
BO_K02_D0008-4_H0009-4:396a-1	srid pa ni shu bar yid la bya'o //	396a	srid ba ni shu ba yid la byed 
BO_K02_D0008-4_H0009-4:396a-2	srid pa ni zug rngur yid la bya'o //	396a	srid ba ni zug rngur yid la byed 
BO_K02_D0008-4_H0009-4:396a-3	srid pa ni sdig par yid la bya'o //	396a	srid ba ni sdig ba yid la byed 
BO_K02_D0008-4_H0009-4:396a-4	srid pa ni na bar yid la bya'o //	396a	srid ba ni na ba yid la byed 
BO_K02_D0008-4_H0009-4:396a-5	srid pa ni dgrar yid la bya'o //	396a	srid ba ni dgrar yid la byed 
BO_K02_D0008-4_H0009-4:396a-6	srid pa ni 'jig pa'i chos can du yid la bya'o //	396a	srid ba ni jig ba chos can du yid la byed 
BO_K02_D0008-4_H0009-4:396a-7	srid pa ni mi brtan par yid la bya'o //	396a	srid ba ni mi brtan ba yid la byed 
BO_K02_D0008-4_H0009-4:396a-8	srid pa ni 'jig par yid la bya'o //	396a	srid ba ni jig ba yid la byed 
BO_K02_D0008-4_H0009-4:396a-9	srid pa ni 'jigs par yid la bya'o //	396a	srid ba ni jigs ba yid la byed 
BO_K02_D0008-4_H0009-4:396a-10	srid pa ni 'go ba'i nad du yid la bya'o //	396a	srid ba ni go ba nad du yid la byed 
BO_K02_D0008-4_H0009-4:396a-11	srid pa ni stong pa nyid du yid la bya'o //	396a	srid ba ni stong ba nyid du yid la byed 
BO_K02_D0008-4_H0009-4:396a-12	srid pa ni bdag gi med par yid la bya'o //	396a	srid ba ni bdag gi med ba yid la byed 
BO_K02_D0008-4_H0009-4:396a-13	srid pa ni yid brtan du mi rung bar yid la bya'o //	396a	srid ba ni yid brtan du mi rung ba yid la byed 
BO_K02_D0008-4_H0009-4:396a-14	srid pa ni gnod par yid la bya'o //	396a	srid ba ni gnod ba yid la byed 
BO_K02_D0008-4_H0009-4:396a-15	rnam pa thams cad mkhyen pa nyid dang ldan pa'i sems bskyed pas /	396a	rnam ba thams cad mkhyen ba nyid dang ldan ba sems skyed ba 
BO_K02_D0008-4_H0009-4:396a-16	de mi dmigs pa'i tshul gyis /	396a	de mi dmigs ba tshul gyis 
BO_K02_D0008-4_H0009-4:396a-17	skye ba ni mi rtag par yid la bya'o //	396a	skye ba ni mi rtag ba yid la byed 
BO_K02_D0008-4_H0009-4:396a-18	skye ba ni sdug bsngal bar yid la bya'o //	396a	skye ba ni sdug sngal ba yid la byed 
BO_K02_D0008-4_H0009-4:396a-19	skye ba ni bdag med par yid la bya'o //	396a	skye ba ni bdag med ba yid la byed 
BO_K02_D0008-4_H0009-4:396a-20	skye ba ni zhi bar yid la bya'o //	396a	skye ba ni zhi ba yid la byed 
BO_K02_D0008-4_H0009-4:396a-21	skye ba ni dben par yid la bya'o //	396a	skye ba ni dben ba yid la byed 
BO_K02_D0008-4_H0009-4:396a-22	skye ba ni nad du yid la bya'o //	396a	skye ba ni nad du yid la byed 
BO_K02_D0008-4_H0009-4:396a-23	skye ba ni shu bar yid la bya'o //	396a	skye ba ni shu ba yid la byed 
BO_K02_D0008-4_H0009-4:396a-24	skye ba ni zug rngur yid la bya'o //	396a	skye ba ni zug rngur yid la byed 
BO_K02_D0008-4_H0009-4:396a-25	skye ba ni sdig par yid la bya'o //	396a	skye ba ni sdig ba yid la byed 
BO_K02_D0008-4_H0009-4:396a-26	skye ba ni na bar yid la bya'o //	396a	skye ba ni na ba yid la byed 
BO_K02_D0008-4_H0009-4:396a-27	skye ba ni dgrar yid la bya'o //	396a	skye ba ni dgrar yid la byed 
BO_K02_D0008-4_H0009-4:396a-28	skye ba ni 'jig pa'i chos can du yid la bya'o //	396a	skye ba ni jig ba chos can du yid la byed 
BO_K02_D0008-4_H0009-4:396a-29	skye ba ni mi brtan par yid la bya'o //	396a	skye ba ni mi brtan ba yid la byed 
BO_K02_D0008-4_H0009-4:396a-30	skye ba ni 'jig par yid la bya'o //	396a	skye ba ni jig ba yid la byed 
BO_K02_D0008-4_H0009-4:396a-31	skye ba ni 'jigs par yid la bya'o //	396a	skye ba ni jigs ba yid la byed 
BO_K02_D0008-4_H0009-4:396a-32	skye ba ni 'go ba'i nad du yid la bya'o //	396a	skye ba ni go ba nad du yid la byed 
BO_K02_D0008-4_H0009-4:396b-0	@396b skye ba ni stong pa nyid du yid la bya'o //	396b	skye ba ni stong ba nyid du yid la byed 
BO_K02_D0008-4_H0009-4:396b-1	skye ba ni bdag gi med par yid la bya'o //	396b	skye ba ni bdag gi med ba yid la byed 
BO_K02_D0008-4_H0009-4:396b-2	skye ba ni yid brtan du mi rung bar yid la bya'o //	396b	skye ba ni yid brtan du mi rung ba yid la byed 
BO_K02_D0008-4_H0009-4:396b-3	skye ba ni gnod par yid la bya'o //	396b	skye ba ni gnod ba yid la byed 
BO_K02_D0008-4_H0009-4:396b-4	rnam pa thams cad mkhyen pa nyid dang ldan pa'i sems bskyed pas /	396b	rnam ba thams cad mkhyen ba nyid dang ldan ba sems skyed ba 
BO_K02_D0008-4_H0009-4:396b-5	de mi dmigs pa'i tshul gyis /	396b	de mi dmigs ba tshul gyis 
BO_K02_D0008-4_H0009-4:396b-6	rga shi ni mi rtag par yid la bya'o //	396b	rga chi ni mi rtag ba yid la byed 
BO_K02_D0008-4_H0009-4:396b-7	rga shi ni sdug bsngal bar yid la bya'o //	396b	rga chi ni sdug sngal ba yid la byed 
BO_K02_D0008-4_H0009-4:396b-8	rga shi ni bdag med par yid la bya'o //	396b	rga chi ni bdag med ba yid la byed 
BO_K02_D0008-4_H0009-4:396b-9	rga shi ni zhi bar yid la bya'o //	396b	rga chi ni zhi ba yid la byed 
BO_K02_D0008-4_H0009-4:396b-10	rga shi ni dben par yid la bya'o //	396b	rga chi ni dben ba yid la byed 
BO_K02_D0008-4_H0009-4:396b-11	rga shi ni nad du yid la bya'o //	396b	rga chi ni nad du yid la byed 
BO_K02_D0008-4_H0009-4:396b-12	rga shi ni shu bar yid la bya'o //	396b	rga chi ni shu ba yid la byed 
BO_K02_D0008-4_H0009-4:396b-13	rga shi ni zug rngur yid la bya'o //	396b	rga chi ni zug rngur yid la byed 
BO_K02_D0008-4_H0009-4:396b-14	rga shi ni sdig par yid la bya'o //	396b	rga chi ni sdig ba yid la byed 
BO_K02_D0008-4_H0009-4:396b-15	rga shi na ni bar yid la bya'o //	396b	rga chi na ni ba yid la byed 
BO_K02_D0008-4_H0009-4:396b-16	rga shi ni dgrar yid la bya'o //	396b	rga chi ni dgrar yid la byed 
BO_K02_D0008-4_H0009-4:396b-17	rga shi ni 'jig pa'i chos can du yid la bya'o //	396b	rga chi ni jig ba chos can du yid la byed 
BO_K02_D0008-4_H0009-4:396b-18	rga shi ni mi brtan par yid la bya'o //	396b	rga chi ni mi brtan ba yid la byed 
BO_K02_D0008-4_H0009-4:396b-19	rga shi ni 'jig par yid la bya'o //	396b	rga chi ni jig ba yid la byed 
BO_K02_D0008-4_H0009-4:396b-20	rga shi ni 'jigs par yid la bya'o //	396b	rga chi ni jigs ba yid la byed 
BO_K02_D0008-4_H0009-4:396b-21	rga shi ni 'go ba'i nad du yid la bya'o //	396b	rga chi ni go ba nad du yid la byed 
BO_K02_D0008-4_H0009-4:396b-22	rga shi ni stong pa nyid du yid la bya'o //	396b	rga chi ni stong ba nyid du yid la byed 
BO_K02_D0008-4_H0009-4:396b-23	rga shi ni bdag gi med par yid la bya'o //	396b	rga chi ni bdag gi med ba yid la byed 
BO_K02_D0008-4_H0009-4:396b-24	rga shi ni yid brtan du mi rung bar yid la bya'o //	396b	rga chi ni yid brtan du mi rung ba yid la byed 
BO_K02_D0008-4_H0009-4:396b-25	rga shi ni gnod par yid la bya'o //	396b	rga chi ni gnod ba yid la byed 
BO_K02_D0008-4_H0009-4:396b-26	koo shi ka /	396b	koo chi ka 
BO_K02_D0008-4_H0009-4:396b-27	gzhan yang byang chub sems dpa' sems dpa' chen po ni rnam pa thams cad mkhyen pa nyid dang ldan pa'i sems bskyed pas de mi dmigs pa'i tshul gyis /	396b	gzhan yang byang chub sems dpa sems dpa chen po ni rnam ba thams cad mkhyen ba nyid dang ldan ba sems skyed ba de mi dmigs ba tshul gyis 
BO_K02_D0008-4_H0009-4:396b-28	ma rig pa 'gag pa ni bdag med par yid la bya'o /	396b	ma rig ba gag ba ni bdag med ba yid la byed 
BO_K02_D0008-4_H0009-4:396b-29	ma rig pa 'gag pa ni zhi bar yid la bya'o //	396b	ma rig ba gag ba ni zhi ba yid la byed 
BO_K02_D0008-4_H0009-4:397a-0	ma rig pa 'gag pa ni dben @397a *//	397a	ma rig ba gag ba ni dben 
BO_K02_D0008-4_H0009-4:397a-1	par yid la bya'o //	397a	ba yid la byed 
BO_K02_D0008-4_H0009-4:397a-2	ma rig pa 'gag pa ni stong pa nyid du yid la bya'o //	397a	ma rig ba gag ba ni stong ba nyid du yid la byed 
BO_K02_D0008-4_H0009-4:397a-3	ma rig pa 'gag pa ni mtshan ma med pa nyid du yid la bya'o //	397a	ma rig ba gag ba ni mtshan ma med ba nyid du yid la byed 
BO_K02_D0008-4_H0009-4:397a-4	ma rig pa 'gag pa ni smon pa med pa nyid du yid la bya'o //	397a	ma rig ba gag ba ni smon ba med ba nyid du yid la byed 
BO_K02_D0008-4_H0009-4:397a-5	ma rig pa 'gag pa ni mngon par 'du byed pa med pa nyid du yid la bya'o //	397a	ma rig ba gag ba ni mngon ba du byed ba med ba nyid du yid la byed 
BO_K02_D0008-4_H0009-4:397a-6	rnam pa thams cad mkhyen pa nyid la ldan pa'i sems bskyed pas //	397a	rnam ba thams cad mkhyen ba nyid la ldan ba sems skyed ba 
BO_K02_D0008-4_H0009-4:397a-7	de mi dmigs pa'i tshul gyis /	397a	de mi dmigs ba tshul gyis 
BO_K02_D0008-4_H0009-4:397a-8	ma rig pas 'gags pas 'du byed 'gag pa ni bdag med par yid la bya'o //	397a	ma rig ba gag ba du byed gag ba ni bdag med ba yid la byed 
BO_K02_D0008-4_H0009-4:397a-9	'du byed 'gag pa ni zhi bar yid la bya'o //	397a	du byed gag ba ni zhi ba yid la byed 
BO_K02_D0008-4_H0009-4:397a-10	'du byed 'gag pa ni bden par yid la bya'o /	397a	du byed gag ba ni bden ba yid la byed 
BO_K02_D0008-4_H0009-4:397a-11	'du byed 'gag pa ni stong pa nyid du yid la bya'o //	397a	du byed gag ba ni stong ba nyid du yid la byed 
BO_K02_D0008-4_H0009-4:397a-12	'du byed 'gag pa ni mtshan ma med pa nyid du yid la bya'o //	397a	du byed gag ba ni mtshan ma med ba nyid du yid la byed 
BO_K02_D0008-4_H0009-4:397a-13	'du byed 'gag pa ni smon pa med pa nyid du yid bya'o //	397a	du byed gag ba ni smon ba med ba nyid du yid byed 
BO_K02_D0008-4_H0009-4:397a-14	'du byed 'gag pa ni mngon par 'du byed pa med pa nyid du yid la bya'o /	397a	du byed gag ba ni mngon ba du byed ba med ba nyid du yid la byed 
BO_K02_D0008-4_H0009-4:397a-15	rnam pa thams cad mkhyen pa nyid dang ldan pa'i sems bskyed pas //	397a	rnam ba thams cad mkhyen ba nyid dang ldan ba sems skyed ba 
BO_K02_D0008-4_H0009-4:397a-16	de mi dmigs pa'i tshul gyis /	397a	de mi dmigs ba tshul gyis 
BO_K02_D0008-4_H0009-4:397a-17	'du byed 'gags pas rnam par shes pa 'gag pa ni bdag med par yid la bya'o //	397a	du byed gag ba rnam ba shes ba gag ba ni bdag med ba yid la byed 
BO_K02_D0008-4_H0009-4:397a-18	rnam par shes pa 'gag pa ni zhi bar yid la bya'o //	397a	rnam ba shes ba gag ba ni zhi ba yid la byed 
BO_K02_D0008-4_H0009-4:397a-19	rnam par shes pa 'gag pa ni dben par yid la bya'o //	397a	rnam ba shes ba gag ba ni dben ba yid la byed 
BO_K02_D0008-4_H0009-4:397a-20	rnam par shes pa 'gag pa ni stong pa nyid du yid la bya'o //	397a	rnam ba shes ba gag ba ni stong ba nyid du yid la byed 
BO_K02_D0008-4_H0009-4:397a-21	rnam par shes pa 'gag pa ni mtshan ma med pa nyid du yid la bya'o //	397a	rnam ba shes ba gag ba ni mtshan ma med ba nyid du yid la byed 
BO_K02_D0008-4_H0009-4:397b-0	rnam par shes pa @397b 'gag med pa ni smon pa med pa nyid du yid la bya'o /	397b	rnam ba shes ba gag med ba ni smon ba med ba nyid du yid la byed 
BO_K02_D0008-4_H0009-4:397b-1	rnam par shes pa 'gag pa ni mngon par 'du byed pa med pa nyid du yid la bya'o /	397b	rnam ba shes ba gag ba ni mngon ba du byed ba med ba nyid du yid la byed 
BO_K02_D0008-4_H0009-4:397b-2	rnam pa thams cad mkhyen pa nyid dang ldan pa'i sems bskyed pas de mi dmigs pa'i tshul gyis /	397b	rnam ba thams cad mkhyen ba nyid dang ldan ba sems skyed ba de mi dmigs ba tshul gyis 
BO_K02_D0008-4_H0009-4:397b-3	rnam par shes pa 'gags pas ming dang gzugs 'gag pa ni bdag med par yid la bya'o //	397b	rnam ba shes ba gag ba ming dang gzugs gag ba ni bdag med ba yid la byed 
BO_K02_D0008-4_H0009-4:397b-4	ming dang gzugs 'gag pa ni zhi bar yid la bya'o //	397b	ming dang gzugs gag ba ni zhi ba yid la byed 
BO_K02_D0008-4_H0009-4:397b-5	ming dang gzugs 'gag pa ni dben par yid la bya'o /	397b	ming dang gzugs gag ba ni dben ba yid la byed 
BO_K02_D0008-4_H0009-4:397b-6	ming dang gzugs 'gag pa ni stong pa nyid yid la bya'o //	397b	ming dang gzugs gag ba ni stong ba nyid yid la byed 
BO_K02_D0008-4_H0009-4:397b-7	ming dang gzugs 'gag pa ni mtshan ma med pa nyid du yid la bya'o //	397b	ming dang gzugs gag ba ni mtshan ma med ba nyid du yid la byed 
BO_K02_D0008-4_H0009-4:397b-8	ming dang gzugs 'gag pa ni smon pa med pa nyid yid la bya'o //	397b	ming dang gzugs gag ba ni smon ba med ba nyid yid la byed 
BO_K02_D0008-4_H0009-4:397b-9	ming dang gzugs 'gag pa ni mngon par 'du byed pa med pa nyid yid la bya'o /	397b	ming dang gzugs gag ba ni mngon ba du byed ba med ba nyid yid la byed 
BO_K02_D0008-4_H0009-4:397b-10	rnam pa thams cad mkhyen pa nyid dang ldan pa'i sems bskyed pas /	397b	rnam ba thams cad mkhyen ba nyid dang ldan ba sems skyed ba 
BO_K02_D0008-4_H0009-4:397b-11	de mi dmigs pa'i tshul gyis /	397b	de mi dmigs ba tshul gyis 
BO_K02_D0008-4_H0009-4:397b-12	ming dang gzugs 'gags pas skye mched drug 'gag pa ni bdag med par yid la bya'o //	397b	ming dang gzugs gag ba skye mched drug gag ba ni bdag med ba yid la byed 
BO_K02_D0008-4_H0009-4:397b-13	skye mched drug 'gag pa ni zhi bar yid bya'o //	397b	skye mched drug gag ba ni zhi ba yid byed 
BO_K02_D0008-4_H0009-4:397b-14	skye mched drug 'gag pa ni bden par yid la bya'o //	397b	skye mched drug gag ba ni bden ba yid la byed 
BO_K02_D0008-4_H0009-4:397b-15	skye mched drug 'gag pa ni stong pa nyid du yid la bya'o //	397b	skye mched drug gag ba ni stong ba nyid du yid la byed 
BO_K02_D0008-4_H0009-4:397b-16	skye mched drug 'gag pa ni mtshan ma med pa nyid du yid la bya'o //	397b	skye mched drug gag ba ni mtshan ma med ba nyid du yid la byed 
BO_K02_D0008-4_H0009-4:397b-17	skye mched drug 'gag pa ni smon pa med nyid du yid la bya'o //	397b	skye mched drug gag ba ni smon ba med nyid du yid la byed 
BO_K02_D0008-4_H0009-4:397b-18	skye mched drug 'gag pa ni mngon par 'du byed pa med pa nyid du yid la bya'o //	397b	skye mched drug gag ba ni mngon ba du byed ba med ba nyid du yid la byed 
BO_K02_D0008-4_H0009-4:397b-19	rnam pa thams cad mkhyen pa nyid dang ldan pa'i sems bskyed pas /	397b	rnam ba thams cad mkhyen ba nyid dang ldan ba sems skyed ba 
BO_K02_D0008-4_H0009-4:397b-20	de mi dmigs pa'i tshul gyis /	397b	de mi dmigs ba tshul gyis 
BO_K02_D0008-4_H0009-4:398a-0	@398a *// skye mched drug 'gags pas reg pa 'gag pa ni bdag med par yid la bya'o //	398a	skye mched drug gag ba reg ba gag ba ni bdag med ba yid la byed 
BO_K02_D0008-4_H0009-4:398a-1	reg pa 'gag pa ni zhi bar yid la bya'o //	398a	reg ba gag ba ni zhi ba yid la byed 
BO_K02_D0008-4_H0009-4:398a-2	reg pa 'gag pa ni dben par yid la bya'o /	398a	reg ba gag ba ni dben ba yid la byed 
BO_K02_D0008-4_H0009-4:398a-3	reg pa 'gag pa ni stong pa nyid du yid la bya'o //	398a	reg ba gag ba ni stong ba nyid du yid la byed 
BO_K02_D0008-4_H0009-4:398a-4	reg pa 'gag pa ni mtshan ma med pa nyid du yid la bya'o //	398a	reg ba gag ba ni mtshan ma med ba nyid du yid la byed 
BO_K02_D0008-4_H0009-4:398a-5	reg pa 'gag pa ni smon pa med pa nyid du yid la bya'o //	398a	reg ba gag ba ni smon ba med ba nyid du yid la byed 
BO_K02_D0008-4_H0009-4:398a-6	reg pa 'gag pa ni mngon par 'du byed pa med pa nyid du yid la bya'o //	398a	reg ba gag ba ni mngon ba du byed ba med ba nyid du yid la byed 
BO_K02_D0008-4_H0009-4:398a-7	rnam pa thams cad mkhyen pa nyid dang ldan pa'i sems bskyed pas /	398a	rnam ba thams cad mkhyen ba nyid dang ldan ba sems skyed ba 
BO_K02_D0008-4_H0009-4:398a-8	de mi dmigs pa'i tshul gyis /	398a	de mi dmigs ba tshul gyis 
BO_K02_D0008-4_H0009-4:398a-9	reg pa 'gags pas tshor ba 'gag pa ni bdag med par yid la bya'o //	398a	reg ba gag ba tshor ba gag ba ni bdag med ba yid la byed 
BO_K02_D0008-4_H0009-4:398a-10	tshor ba 'gag pa ni zhi bar yid la bya'o //	398a	tshor ba gag ba ni zhi ba yid la byed 
BO_K02_D0008-4_H0009-4:398a-11	tshor ba 'gag pa ni dben par yid la bya'o //	398a	tshor ba gag ba ni dben ba yid la byed 
BO_K02_D0008-4_H0009-4:398a-12	tshor ba 'gag pa ni stong pa nyid du yid la bya'o //	398a	tshor ba gag ba ni stong ba nyid du yid la byed 
BO_K02_D0008-4_H0009-4:398a-13	tshor ba 'gag pa ni mtshan ma med pa nyid du yid la bya'o //	398a	tshor ba gag ba ni mtshan ma med ba nyid du yid la byed 
BO_K02_D0008-4_H0009-4:398a-14	tshor ba 'gag pa ni smon pa med pa nyid du yid la bya'o //	398a	tshor ba gag ba ni smon ba med ba nyid du yid la byed 
BO_K02_D0008-4_H0009-4:398a-15	tshor ba 'gag pa ni mngon par 'du byed pa med pa nyid du yid la bya'o //	398a	tshor ba gag ba ni mngon ba du byed ba med ba nyid du yid la byed 
BO_K02_D0008-4_H0009-4:398a-16	rnam pa thams cad mkhyen pa nyid dang ldan pa'i sems bskyed pas /	398a	rnam ba thams cad mkhyen ba nyid dang ldan ba sems skyed ba 
BO_K02_D0008-4_H0009-4:398a-17	de mi dmigs pa'i tshul gyis /	398a	de mi dmigs ba tshul gyis 
BO_K02_D0008-4_H0009-4:398a-18	tshor ba 'gags pas sred pa 'gag pa ni bdag med par yid la bya'o /	398a	tshor ba gag ba sred ba gag ba ni bdag med ba yid la byed 
BO_K02_D0008-4_H0009-4:398a-19	sred pa 'gag pa ni zhi bar yid la bya'o //	398a	sred ba gag ba ni zhi ba yid la byed 
BO_K02_D0008-4_H0009-4:398a-20	sred pa 'gag pa ni bden par yid la bya'o //	398a	sred ba gag ba ni bden ba yid la byed 
BO_K02_D0008-4_H0009-4:398a-21	sred pa 'gag pa ni stong pa nyid du yid la bya'o //	398a	sred ba gag ba ni stong ba nyid du yid la byed 
BO_K02_D0008-4_H0009-4:398a-22	sred pa 'gag pa ni mtshan ma med pa nyid du yid la bya'o //	398a	sred ba gag ba ni mtshan ma med ba nyid du yid la byed 
BO_K02_D0008-4_H0009-4:398b-0	sred @398b pa 'gag pa ni smon pa med pa nyid du yid la bya'o //	398b	sred ba gag ba ni smon ba med ba nyid du yid la byed 
BO_K02_D0008-4_H0009-4:398b-1	sred pa 'gag pa ni mngon par 'du byed pa med pa nyid du yid la bya'o /	398b	sred ba gag ba ni mngon ba du byed ba med ba nyid du yid la byed 
BO_K02_D0008-4_H0009-4:398b-2	rnam pa thams cad mkhyen pa nyid dang ldan pa'i sems bskyed pas /	398b	rnam ba thams cad mkhyen ba nyid dang ldan ba sems skyed ba 
BO_K02_D0008-4_H0009-4:398b-3	de mi dmigs pa'i tshul gyis /	398b	de mi dmigs ba tshul gyis 
BO_K02_D0008-4_H0009-4:398b-4	sred pa 'gags pas len pa 'gag pa ni bdag med par yid la bya'o //	398b	sred ba gag ba len ba gag ba ni bdag med ba yid la byed 
BO_K02_D0008-4_H0009-4:398b-5	len pa 'gag pa ni zhi bar yid la bya'o //	398b	len ba gag ba ni zhi ba yid la byed 
BO_K02_D0008-4_H0009-4:398b-6	len pa 'gag pa ni dben par yid la bya'o //	398b	len ba gag ba ni dben ba yid la byed 
BO_K02_D0008-4_H0009-4:398b-7	len pa 'gag pa ni stong pa nyid du yid la bya'o //	398b	len ba gag ba ni stong ba nyid du yid la byed 
BO_K02_D0008-4_H0009-4:398b-8	len pa 'gag pa ni mtshan ma med pa nyid du yid la bya'o //	398b	len ba gag ba ni mtshan ma med ba nyid du yid la byed 
BO_K02_D0008-4_H0009-4:398b-9	len pa 'gag pa ni smon pa med pa nyid du yid la bya'o //	398b	len ba gag ba ni smon ba med ba nyid du yid la byed 
BO_K02_D0008-4_H0009-4:398b-10	len pa 'gag pa ni mngon par 'du byed pa med pa nyid du yid la bya'o //	398b	len ba gag ba ni mngon ba du byed ba med ba nyid du yid la byed 
BO_K02_D0008-4_H0009-4:398b-11	rnam pa thams cad mkhyen pa nyid dang ldan pa'i sems bskyed pas /	398b	rnam ba thams cad mkhyen ba nyid dang ldan ba sems skyed ba 
BO_K02_D0008-4_H0009-4:398b-12	de mi dmigs pa'i tshul gyis /	398b	de mi dmigs ba tshul gyis 
BO_K02_D0008-4_H0009-4:398b-13	len pa 'gags pas srid pa 'gag pa ni bdag med par yid bya'o //	398b	len ba gag ba srid ba gag ba ni bdag med ba yid byed 
BO_K02_D0008-4_H0009-4:398b-14	srid pa 'gag pa ni zhi bar yid la bya'o //	398b	srid ba gag ba ni zhi ba yid la byed 
BO_K02_D0008-4_H0009-4:398b-15	srid pa 'gag pa ni dben par yid la bya'o //	398b	srid ba gag ba ni dben ba yid la byed 
BO_K02_D0008-4_H0009-4:398b-16	srid pa 'gag pa ni stong pa nyid du yid la bya'o //	398b	srid ba gag ba ni stong ba nyid du yid la byed 
BO_K02_D0008-4_H0009-4:398b-17	srid pa 'gag pa ni mtshan ma med pa nyid du yid la bya'o //	398b	srid ba gag ba ni mtshan ma med ba nyid du yid la byed 
BO_K02_D0008-4_H0009-4:398b-18	srid pa 'gag pa ni smon pa med pa nyid du yid la bya'o //	398b	srid ba gag ba ni smon ba med ba nyid du yid la byed 
BO_K02_D0008-4_H0009-4:398b-19	srid pa 'gag pa ni mngon par 'du byed pa med pa nyid du yid la bya'o //	398b	srid ba gag ba ni mngon ba du byed ba med ba nyid du yid la byed 
BO_K02_D0008-4_H0009-4:398b-20	rnam pa thams cad mkhyen pa nyid dang ldan pa'i sems bskyed pas /	398b	rnam ba thams cad mkhyen ba nyid dang ldan ba sems skyed ba 
BO_K02_D0008-4_H0009-4:398b-21	de mi dmigs pa'i tshul gyis /	398b	de mi dmigs ba tshul gyis 
BO_K02_D0008-4_H0009-4:399a-0	srid pa 'gags @399a *//	399a	srid ba gag 
BO_K02_D0008-4_H0009-4:399a-1	pas skye ba 'gag pa ni bdag med par yid la bya'o //	399a	ba skye ba gag ba ni bdag med ba yid la byed 
BO_K02_D0008-4_H0009-4:399a-2	skye ba 'gag pa ni zhi bar yid la bya'o //	399a	skye ba gag ba ni zhi ba yid la byed 
BO_K02_D0008-4_H0009-4:399a-3	skye ba 'gag pa ni dben par yid la bya'o //	399a	skye ba gag ba ni dben ba yid la byed 
BO_K02_D0008-4_H0009-4:399a-4	skye ba 'gag pa ni stong pa nyid du yid la bya'o //	399a	skye ba gag ba ni stong ba nyid du yid la byed 
BO_K02_D0008-4_H0009-4:399a-5	skye ba 'gag pa ni mtshan ma med pa nyid du yid la bya'o //	399a	skye ba gag ba ni mtshan ma med ba nyid du yid la byed 
BO_K02_D0008-4_H0009-4:399a-6	skye ba 'gag pa ni smon pa med pa nyid du yid la bya'o //	399a	skye ba gag ba ni smon ba med ba nyid du yid la byed 
BO_K02_D0008-4_H0009-4:399a-7	skye ba 'gag pa ni mngon par 'du byed pa nyid du yid la bya'o /	399a	skye ba gag ba ni mngon ba du byed ba nyid du yid la byed 
BO_K02_D0008-4_H0009-4:399a-8	rnam pa thams cad mkhyen pa nyid dang ldan pa'i sems bskyed pas /	399a	rnam ba thams cad mkhyen ba nyid dang ldan ba sems skyed ba 
BO_K02_D0008-4_H0009-4:399a-9	de mi dmigs pa'i tshul gyis //	399a	de mi dmigs ba tshul gyis 
BO_K02_D0008-4_H0009-4:399a-10	skye ba 'gags pas rga shi dang / mya ngan dang / smre sngags 'don pa dang / sdug bsngal pa dang // yid mi bde ba dang / 'khrug pa dang / sdug bsngal gyi phung po chen po 'di rnams 'gag pa ni bdag med par yid la bya'o //	399a	skye ba gag ba rga chi dang mya ngan dang smre sngags don ba dang sdug sngal ba dang yid mi bde ba dang khrug ba dang sdug sngal gyi phung po chen po di rnams gag ba ni bdag med ba yid la byed 
BO_K02_D0008-4_H0009-4:399a-11	rga shi dang / mya ngan dang / smre sngags 'don pa dang / sdug bsngal ba dang // yid mi bde ba dang / 'khrug pa dang / sdug bsngal gyi phung po chen po 'di rnams 'gag pa ni zhi bar yid la bya'o //	399a	rga chi dang mya ngan dang smre sngags don ba dang sdug sngal ba dang yid mi bde ba dang khrug ba dang sdug sngal gyi phung po chen po di rnams gag ba ni zhi ba yid la byed 
BO_K02_D0008-4_H0009-4:399a-12	rga shi dang / mya ngan dang / smre sngags 'don pa dang / sdug bsngal ba dang / yid mi bde ba dang / 'khrug pa dang / sdug bsngal gyi phung po chen po 'di rnams 'gag pa ni dben par yid la bya'o //	399a	rga chi dang mya ngan dang smre sngags don ba dang sdug sngal ba dang yid mi bde ba dang khrug ba dang sdug sngal gyi phung po chen po di rnams gag ba ni dben ba yid la byed 
BO_K02_D0008-4_H0009-4:399b-0	rga shi dang / mya ngan dang / smre sngags 'don pa dang / sdug bsngal ba dang // yid mi bde ba dang / @399b 'khrug pa dang / sdug bsngal gyi phung po chen po 'di rnams 'gag pa ni stong pa nyid du yid la bya'o //	399b	rga chi dang mya ngan dang smre sngags don ba dang sdug sngal ba dang yid mi bde ba dang khrug ba dang sdug sngal gyi phung po chen po di rnams gag ba ni stong ba nyid du yid la byed 
BO_K02_D0008-4_H0009-4:399b-1	rga shi dang / mya ngan dang / smre sngags 'don pa dang / sdug bsngal ba dang / yid mi bde ba dang / 'khrug pa dang / sdug bsngal gyi phung po chen po 'di rnams 'gag pa ni mtshan ma med pa nyid du yid la bya'o //	399b	rga chi dang mya ngan dang smre sngags don ba dang sdug sngal ba dang yid mi bde ba dang khrug ba dang sdug sngal gyi phung po chen po di rnams gag ba ni mtshan ma med ba nyid du yid la byed 
BO_K02_D0008-4_H0009-4:399b-2	rga shi dang / mya ngan dang / smre sngags 'don pa dang / sdug bsngal ba dang / yid mi bde ba dang / 'khrug pa dang / sdug bsngal gyi phung po chen po 'di rnams 'gag pa ni smon pa med pa nyid du yid la bya'o //	399b	rga chi dang mya ngan dang smre sngags don ba dang sdug sngal ba dang yid mi bde ba dang khrug ba dang sdug sngal gyi phung po chen po di rnams gag ba ni smon ba med ba nyid du yid la byed 
BO_K02_D0008-4_H0009-4:399b-3	rga shi dang / mya ngan dang / smre sngags 'don pa dang / sdug bsngal ba dang / yid mi bde ba dang / 'khrug pa dang / sdug bsngal gyi phung po chen po 'di rnams 'gag pa ni mngon par 'du byed pa med pa nyid du yid la bya'o //	399b	rga chi dang mya ngan dang smre sngags don ba dang sdug sngal ba dang yid mi bde ba dang khrug ba dang sdug sngal gyi phung po chen po di rnams gag ba ni mngon ba du byed ba med ba nyid du yid la byed 
BO_K02_D0008-4_H0009-4:399b-4	koo shi ka /	399b	koo chi ka 
BO_K02_D0008-4_H0009-4:399b-5	gzhan yang byang chub sems dpa' sems dpa' chen po ni /	399b	gzhan yang byang chub sems dpa sems dpa chen po ni 
BO_K02_D0008-4_H0009-4:399b-6	rnam pa thams cad mkhyen pa nyid dang ldan pa'i sems bskyed pas mi dmigs pa'i tshul gyis sbyin pa'i pha rol tu phyin pa la spyod do //	399b	rnam ba thams cad mkhyen ba nyid dang ldan ba sems skyed ba mi dmigs ba tshul gyis sbyin ba pha rol tu phyin ba la spyod do 
BO_K02_D0008-4_H0009-4:399b-7	rnam pa thams cad mkhyen pa nyid dang ldan pa'i sems bskyed pas mi dmigs pa'i tshul gyis tshul khrims kyi pha rol tu phyin pa la spyod do //	399b	rnam ba thams cad mkhyen ba nyid dang ldan ba sems skyed ba mi dmigs ba tshul gyis tshul khrims kyi pha rol tu phyin ba la spyod do 
BO_K02_D0008-4_H0009-4:400a-0	rnam pa thams cad mkhyen pa @400a *//	400a	rnam ba thams cad mkhyen ba 
BO_K02_D0008-4_H0009-4:400a-1	nyid dang ldan pa'i sems bskyed pas mi dmigs pa'i tshul gyis bzod pa'i pha rol tu phyin pa la spyod do //	400a	nyid dang ldan ba sems skyed ba mi dmigs ba tshul gyis bzod ba pha rol tu phyin ba la spyod do 
BO_K02_D0008-4_H0009-4:400a-2	rnam pa thams cad mkhyen pa nyid dang ldan pa'i sems bskyed pas mi dmigs pa'i tshul gyis brtson 'grus kyi pha rol tu phyin pa la spyod do //	400a	rnam ba thams cad mkhyen ba nyid dang ldan ba sems skyed ba mi dmigs ba tshul gyis brtson grus kyi pha rol tu phyin ba la spyod do 
BO_K02_D0008-4_H0009-4:400a-3	rnam pa thams cad mkhyen pa nyid dang ldan pa'i sems bskyed pas mi dmigs pa'i tshul gyis bsam gtan gyi pha rol tu phyin pa la spyod do //	400a	rnam ba thams cad mkhyen ba nyid dang ldan ba sems skyed ba mi dmigs ba tshul gyis bsam gtan gyi pha rol tu phyin ba la spyod do 
BO_K02_D0008-4_H0009-4:400a-4	rnam pa thams cad mkhyen pa nyid dang ldan pa'i sems bskyed pas mi dmigs pa'i tshul gyis shes rab kyi pha rol tu phyin pa la spyod do //	400a	rnam ba thams cad mkhyen ba nyid dang ldan ba sems skyed ba mi dmigs ba tshul gyis shes rab kyi pha rol tu phyin ba la spyod do 
BO_K02_D0008-4_H0009-4:400a-5	koo shi ka /	400a	koo chi ka 
BO_K02_D0008-4_H0009-4:400a-6	gzhan yang byang chub sems dpa' sems dpa' chen po ni //	400a	gzhan yang byang chub sems dpa sems dpa chen po ni 
BO_K02_D0008-4_H0009-4:400a-7	rnam pa thams cad mkhyen pa nyid dang ldan pa'i sems bskyed pas mi dmigs pa'i tshul gyis nang stong pa nyid bsgom mo //	400a	rnam ba thams cad mkhyen ba nyid dang ldan ba sems skyed ba mi dmigs ba tshul gyis nang stong ba nyid bsgom mo 
BO_K02_D0008-4_H0009-4:400a-8	rnam pa thams cad mkhyen pa nyid dang ldan pa'i sems bskyed pas mi dmigs pa'i tshul gyis phyi stong pa nyid bsgom mo //	400a	rnam ba thams cad mkhyen ba nyid dang ldan ba sems skyed ba mi dmigs ba tshul gyis phyi stong ba nyid bsgom mo 
BO_K02_D0008-4_H0009-4:400a-9	rnam pa thams cad mkhyen pa nyid dang ldan pa'i sems bskyed pas mi dmigs pa'i tshul gyis phyi nang stong pa nyid bsgom mo //	400a	rnam ba thams cad mkhyen ba nyid dang ldan ba sems skyed ba mi dmigs ba tshul gyis phyi nang stong ba nyid bsgom mo 
BO_K02_D0008-4_H0009-4:400a-10	rnam pa thams cad mkhyen pa nyid dang ldan pa'i sems bskyed pas mi dmigs pa'i tshul gyis stong pa nyid stong pa nyid bsgom mo //	400a	rnam ba thams cad mkhyen ba nyid dang ldan ba sems skyed ba mi dmigs ba tshul gyis stong ba nyid stong ba nyid bsgom mo 
BO_K02_D0008-4_H0009-4:400b-0	rnam @400b pa thams cad mkhyen pa nyid dang ldan pa'i sems bskyed pas mi dmigs pa'i tshul gyis chen po stong pa nyid bsgom mo //	400b	rnam ba thams cad mkhyen ba nyid dang ldan ba sems skyed ba mi dmigs ba tshul gyis chen po stong ba nyid bsgom mo 
BO_K02_D0008-4_H0009-4:400b-1	rnam pa thams cad mkhyen pa nyid dang ldan pa'i sems bskyed pas mi dmigs pa'i tshul gyis don dam pa stong pa nyid bsgom mo //	400b	rnam ba thams cad mkhyen ba nyid dang ldan ba sems skyed ba mi dmigs ba tshul gyis don dam ba stong ba nyid bsgom mo 
BO_K02_D0008-4_H0009-4:400b-2	rnam pa thams cad mkhyen pa nyid dang ldan pa'i sems bskyed pas mi dmigs pa'i tshul gyis 'dus byas stong pa nyid bsgom mo //	400b	rnam ba thams cad mkhyen ba nyid dang ldan ba sems skyed ba mi dmigs ba tshul gyis du byed stong ba nyid bsgom mo 
BO_K02_D0008-4_H0009-4:400b-3	rnam pa thams cad mkhyen pa nyid dang ldan pa'i sems bskyed pas mi dmigs pa'i tshul gyis 'dus ma byas stong pa nyid bsgom mo //	400b	rnam ba thams cad mkhyen ba nyid dang ldan ba sems skyed ba mi dmigs ba tshul gyis du ma byed stong ba nyid bsgom mo 
BO_K02_D0008-4_H0009-4:400b-4	rnam pa thams cad mkhyen pa nyid dang ldan pa'i sems bskyed pas mi dmigs pa'i tshul gyis mtha' las 'das pa stong pa nyid bsgom mo //	400b	rnam ba thams cad mkhyen ba nyid dang ldan ba sems skyed ba mi dmigs ba tshul gyis mtha las da ba stong ba nyid bsgom mo 
BO_K02_D0008-4_H0009-4:400b-5	rnam pa thams cad mkhyen pa nyid dang ldan pa'i sems bskyed pas mi dmigs pa'i tshul gyis thog ma dang tha ma med pa stong pa nyid bsgom mo //	400b	rnam ba thams cad mkhyen ba nyid dang ldan ba sems skyed ba mi dmigs ba tshul gyis thogs ma dang tha ma med ba stong ba nyid bsgom mo 
BO_K02_D0008-4_H0009-4:400b-6	rnam pa thams cad mkhyen pa nyid dang ldan pa'i sems bskyed pas mi dmigs pa'i tshul gyis dor ba med pa stong pa nyid bsgom mo //	400b	rnam ba thams cad mkhyen ba nyid dang ldan ba sems skyed ba mi dmigs ba tshul gyis dor ba med ba stong ba nyid bsgom mo 
BO_K02_D0008-4_H0009-4:400b-7	rnam pa thams cad mkhyen pa nyid dang ldan pa'i sems bskyed pas mi dmigs pa'i tshul gyis rang bzhin stong pa nyid bsgom mo //	400b	rnam ba thams cad mkhyen ba nyid dang ldan ba sems skyed ba mi dmigs ba tshul gyis rang bzhin stong ba nyid bsgom mo 
BO_K02_D0008-4_H0009-4:400b-8	rnam pa thams cad mkhyen pa nyid dang ldan pa'i sems bskyed pas mi dmigs pa'i tshul gyis chos thams cad stong pa nyid bsgom mo //	400b	rnam ba thams cad mkhyen ba nyid dang ldan ba sems skyed ba mi dmigs ba tshul gyis chos thams cad stong ba nyid bsgom mo 
BO_K02_D0008-4_H0009-4:401a-0	rnam pa thams cad mkhyen pa nyid dang ldan pa'i sems bskyed pas @401a *//	401a	rnam ba thams cad mkhyen ba nyid dang ldan ba sems skyed ba 
BO_K02_D0008-4_H0009-4:401a-1	mi dmigs pa'i tshul gyis rang gi mtshan nyid stong pa nyid bsgom mo //	401a	mi dmigs ba tshul gyis rang gi mtshan nyid stong ba nyid bsgom mo 
BO_K02_D0008-4_H0009-4:401a-2	rnam pa thams cad mkhyen pa nyid dang ldan pa'i sems bskyed pas mi dmigs pa'i tshul gyis mi dmigs pa stong pa nyid bsgom mo //	401a	rnam ba thams cad mkhyen ba nyid dang ldan ba sems skyed ba mi dmigs ba tshul gyis mi dmigs ba stong ba nyid bsgom mo 
BO_K02_D0008-4_H0009-4:401a-3	rnam pa thams cad mkhyen pa nyid dang ldan pa'i sems bskyed pas mi dmigs pa'i tshul gyis dngos po med pa stong pa nyid bsgom mo //	401a	rnam ba thams cad mkhyen ba nyid dang ldan ba sems skyed ba mi dmigs ba tshul gyis dngos po med ba stong ba nyid bsgom mo 
BO_K02_D0008-4_H0009-4:401a-4	rnam pa thams cad mkhyen pa nyid dang ldan pa'i sems bskyed pas mi dmigs pa'i tshul gyis ngo bo nyid stong pa nyid bsgom mo //	401a	rnam ba thams cad mkhyen ba nyid dang ldan ba sems skyed ba mi dmigs ba tshul gyis ngo bo nyid stong ba nyid bsgom mo 
BO_K02_D0008-4_H0009-4:401a-5	rnam pa thams cad mkhyen pa nyid dang ldan pa'i sems bskyed pas mi dmigs pa'i tshul gyis dngos po med pa'i ngo bo nyid stong pa nyid bsgom mo //	401a	rnam ba thams cad mkhyen ba nyid dang ldan ba sems skyed ba mi dmigs ba tshul gyis dngos po med ba ngo bo nyid stong ba nyid bsgom mo 
BO_K02_D0008-4_H0009-4:401a-6	koo shi ka /	401a	koo chi ka 
BO_K02_D0008-4_H0009-4:401a-7	gzhan yang byang chub sems dpa' sems dpa' chen po ni rnam pa thams cad mkhyen pa nyid dang ldan pa'i sems bskyed pas mi dmigs pa'i tshul gyis dran pa nye bar bzhag pa bzhi bsgom mo //	401a	gzhan yang byang chub sems dpa sems dpa chen po ni rnam ba thams cad mkhyen ba nyid dang ldan ba sems skyed ba mi dmigs ba tshul gyis dran ba nye ba jog ba bzhi bsgom mo 
BO_K02_D0008-4_H0009-4:401a-8	rnam pa thams cad mkhyen pa nyid dang ldan pa'i sems bskyed pas mi dmigs pa'i tshul gyis yang dag par spong ba bzhi bsgom mo //	401a	rnam ba thams cad mkhyen ba nyid dang ldan ba sems skyed ba mi dmigs ba tshul gyis yang dag ba spong ba bzhi bsgom mo 
BO_K02_D0008-4_H0009-4:401a-9	rnam pa thams cad mkhyen pa nyid dang ldan pa'i sems bskyed pas mi dmigs pa'i tshul gyis rdzu 'phrul gyi rkang pa bzhi bsgom mo //	401a	rnam ba thams cad mkhyen ba nyid dang ldan ba sems skyed ba mi dmigs ba tshul gyis rdzu phrul gyi rkang ba bzhi bsgom mo 
BO_K02_D0008-4_H0009-4:401a-10	rnam pa thams cad mkhyen pa nyid dang ldan pa'i sems bskyed pas mi dmigs pa'i tshul gyis dbang po lnga bsgom mo //	401a	rnam ba thams cad mkhyen ba nyid dang ldan ba sems skyed ba mi dmigs ba tshul gyis dbang po lnga bsgom mo 
BO_K02_D0008-4_H0009-4:401b-0	rnam pa thams cad @401b mkhyen pa nyid dang ldan pa'i sems bskyed pas mi dmigs pa'i tshul gyis stobs lnga bsgom mo //	401b	rnam ba thams cad mkhyen ba nyid dang ldan ba sems skyed ba mi dmigs ba tshul gyis stobs lnga bsgom mo 
BO_K02_D0008-4_H0009-4:401b-1	rnam pa thams cad mkhyen pa nyid dang ldan pa'i sems bskyed pas mi dmigs pa'i tshul gyis byang chub kyi yan lag bdun bsgom mo //	401b	rnam ba thams cad mkhyen ba nyid dang ldan ba sems skyed ba mi dmigs ba tshul gyis byang chub kyi yan lag bdun bsgom mo 
BO_K02_D0008-4_H0009-4:401b-2	rnam pa thams cad mkhyen pa nyid dang ldan pa'i sems bskyed pas mi dmigs pa'i tshul gyis 'phags pa'i lam yan lag brgyad pa bsgom mo //	401b	rnam ba thams cad mkhyen ba nyid dang ldan ba sems skyed ba mi dmigs ba tshul gyis phag ba lam yan lag brgyad ba bsgom mo 
BO_K02_D0008-4_H0009-4:401b-3	rnam pa thams cad mkhyen pa nyid dang ldan pa'i sems bskyed pas mi dmigs pa'i tshul gyis 'phags pa'i bden pa bzhi bsgom mo //	401b	rnam ba thams cad mkhyen ba nyid dang ldan ba sems skyed ba mi dmigs ba tshul gyis phag ba bden ba bzhi bsgom mo 
BO_K02_D0008-4_H0009-4:401b-4	rnam pa thams cad mkhyen pa nyid dang ldan pa'i sems bskyed pas mi dmigs pa'i tshul gyis bsam gtan bzhi bsgom mo //	401b	rnam ba thams cad mkhyen ba nyid dang ldan ba sems skyed ba mi dmigs ba tshul gyis bsam gtan bzhi bsgom mo 
BO_K02_D0008-4_H0009-4:401b-5	rnam pa thams cad mkhyen pa nyid dang ldan pa'i sems bskyed pas mi dmigs pa'i tshul gyis tshad med pa bzhi bsgom mo //	401b	rnam ba thams cad mkhyen ba nyid dang ldan ba sems skyed ba mi dmigs ba tshul gyis tshad med ba bzhi bsgom mo 
BO_K02_D0008-4_H0009-4:401b-6	rnam pa thams cad mkhyen pa nyid dang ldan pa'i sems bskyed pas mi dmigs pa'i tshul gyis gzugs med pa'i snyoms par 'jug pa bzhi bsgom mo //	401b	rnam ba thams cad mkhyen ba nyid dang ldan ba sems skyed ba mi dmigs ba tshul gyis gzugs med ba snyom ba jug ba bzhi bsgom mo 
BO_K02_D0008-4_H0009-4:401b-7	rnam pa thams cad mkhyen pa nyid dang ldan pa'i sems bskyed pas mi dmigs pa'i tshul gyis rnam par thar pa brgyad bsgom mo //	401b	rnam ba thams cad mkhyen ba nyid dang ldan ba sems skyed ba mi dmigs ba tshul gyis rnam ba thar ba brgyad bsgom mo 
BO_K02_D0008-4_H0009-4:401b-8	rnam pa thams cad mkhyen pa nyid dang ldan pa'i sems bskyed pas mi dmigs pa'i tshul gyis mthar gyis gnas pa'i snyoms par 'jug pa dgu bsgom mo //	401b	rnam ba thams cad mkhyen ba nyid dang ldan ba sems skyed ba mi dmigs ba tshul gyis mthar gyis gnas ba snyom ba jug ba dgu bsgom mo 
BO_K02_D0008-4_H0009-4:402a-0	rnam pa thams cad mkhyen pa nyid dang @402a *//	402a	rnam ba thams cad mkhyen ba nyid dang 
BO_K02_D0008-4_H0009-4:402a-1	ldan pa'i sems bskyed pas mi dmigs pa'i tshul gyis rnam par thar pa'i sgo stong pa nyid dang / mtshan ma med pa dang / smon pa med pa bsgom mo //	402a	ldan ba sems skyed ba mi dmigs ba tshul gyis rnam ba thar ba sgo stong ba nyid dang mtshan ma med ba dang smon ba med ba bsgom mo 
BO_K02_D0008-4_H0009-4:402a-2	rnam pa thams cad mkhyen pa nyid dang ldan pa'i sems bskyed pa'i sems bskyed pas mi dmigs pa'i tshul gyis mngon par shes pa rnams bsgom mo //	402a	rnam ba thams cad mkhyen ba nyid dang ldan ba sems skyed ba sems skyed ba mi dmigs ba tshul gyis mngon ba shes ba rnams bsgom mo 
BO_K02_D0008-4_H0009-4:402a-3	rnam pa thams cad mkhyen pa nyid dang ldan pa'i sems bskyed pas mi dmigs pa'i tshul gyis ting nge 'dzin rnams bsgom mo //	402a	rnam ba thams cad mkhyen ba nyid dang ldan ba sems skyed ba mi dmigs ba tshul gyis ting nge dzin rnams bsgom mo 
BO_K02_D0008-4_H0009-4:402a-4	rnam pa thams cad mkhyen pa nyid dang ldan pa'i sems bskyed pas mi dmigs pa'i tshul gyis gzungs kyi sgo rnams bsgom mo //	402a	rnam ba thams cad mkhyen ba nyid dang ldan ba sems skyed ba mi dmigs ba tshul gyis gzungs kyi sgo rnams bsgom mo 
BO_K02_D0008-4_H0009-4:402a-5	rnam pa thams cad mkhyen pa nyid dang ldan pa'i sems bskyed pas mi dmigs pa'i tshul gyis de bzhin gshegs pa'i stobs bcu bsgom mo //	402a	rnam ba thams cad mkhyen ba nyid dang ldan ba sems skyed ba mi dmigs ba tshul gyis de bzhin gshegs ba stobs chu bsgom mo 
BO_K02_D0008-4_H0009-4:402a-6	rnam pa thams cad mkhyen pa nyid dang ldan pa'i sems bskyed pas mi dmigs pa'i tshul gyis mi 'jigs pa bzhi bsgom mo //	402a	rnam ba thams cad mkhyen ba nyid dang ldan ba sems skyed ba mi dmigs ba tshul gyis mi jigs ba bzhi bsgom mo 
BO_K02_D0008-4_H0009-4:402a-7	rnam pa thams cad mkhyen pa nyid dang ldan pa'i sems bskyed pas mi dmigs pa'i tshul gyis so so yang dag par rig pa bzhi bsgom mo //	402a	rnam ba thams cad mkhyen ba nyid dang ldan ba sems skyed ba mi dmigs ba tshul gyis so so yang dag ba rig ba bzhi bsgom mo 
BO_K02_D0008-4_H0009-4:402a-8	rnam pa thams cad mkhyen pa nyid dang ldan pa'i sems bskyed pas mi dmigs pa'i tshul gyis byams pa chen po bsgom mo //	402a	rnam ba thams cad mkhyen ba nyid dang ldan ba sems skyed ba mi dmigs ba tshul gyis byams ba chen po bsgom mo 
BO_K02_D0008-4_H0009-4:402a-9	rnam pa thams cad mkhyen pa nyid dang ldan pa'i sems bskyed pas mi dmigs pa'i tshul gyis snying rje chen po bsgom mo //	402a	rnam ba thams cad mkhyen ba nyid dang ldan ba sems skyed ba mi dmigs ba tshul gyis snying rje chen po bsgom mo 
BO_K02_D0008-4_H0009-4:402b-0	rnam pa thams cad @402b mkhyen pa nyid dang ldan pa'i sems bskyed pas mi dmigs pa'i tshul gyis sangs rgyas kyi chos ma 'dres pa bco brgyad bsgom mo //	402b	rnam ba thams cad mkhyen ba nyid dang ldan ba sems skyed ba mi dmigs ba tshul gyis sangs rgya kyi chos ma dre ba chos brgyad bsgom mo 
BO_K02_D0008-4_H0009-4:402b-1	koo shi ka /	402b	koo chi ka 
BO_K02_D0008-4_H0009-4:402b-2	gzhan yang byang chub sems dpa' sems dpa' chen po shes rab kyi pha rol tu phyin pa la spyod pa'i tshe /	402b	gzhan yang byang chub sems dpa sems dpa chen po shes rab kyi pha rol tu phyin ba la spyod ba tshe 
BO_K02_D0008-4_H0009-4:402b-3	'di ltar so sor yang dag par slob ste /	402b	di ltar so sor yang dag ba slob ste 
BO_K02_D0008-4_H0009-4:402b-4	'di ltar chos rnams mngon par rlan par byed pa dang / yongs su rlan par byed pa dang / yongs su rdzogs par byed pa dang / yongs su rgyas par byed pa dang / yongs su dpyod par byed pa de dag ni chos kho nar zad de /	402b	di ltar chos rnams mngon ba rlan ba byed ba dang yongs su rlan ba byed ba dang yongs su rdzogs ba byed ba dang yongs su rgya ba byed ba dang yongs su dpyod ba byed ba de dag ni chos kho nar zad de 
BO_K02_D0008-4_H0009-4:402b-5	de la bdag gam bdag gi med do //	402b	de la bdag gam bdag gi med do 
BO_K02_D0008-4_H0009-4:402b-6	de ci'i phyir zhe na; de ni 'di ltar byang chub sems dpa' sems dpa' chen po yongs su bsngo ba'i sems gang yin pa de'ang byang chub kyi sems dang 'grogs pa ma yin /	402b	de ci phyir zhe na; de ni di ltar byang chub sems dpa sems dpa chen po yongs su sngo ba sems gang yin ba de byang chub kyi sems dang grogs ba ma yin 
BO_K02_D0008-4_H0009-4:402b-7	byang chub kyi sems gang yin pa de'ang yongs su bsngo ba'i sems dang 'grogs pa ma yin te /	402b	byang chub kyi sems gang yin ba de yongs su sngo ba sems dang grogs ba ma yin te 
BO_K02_D0008-4_H0009-4:402b-8	koo shi ka /	402b	koo chi ka 
BO_K02_D0008-4_H0009-4:402b-9	yongs su bsngo ba'i sems gang yin pa de ni byang chub sems la med cing mi dmigs na /	402b	yongs su sngo ba sems gang yin ba de ni byang chub sems la med cing mi dmigs na 
BO_K02_D0008-4_H0009-4:402b-10	byang chub sems gang yin pa de ni yongs su bsngo ba'i sems la med cing mi dmigs te /	402b	byang chub sems gang yin ba de ni yongs su sngo ba sems la med cing mi dmigs te 
BO_K02_D0008-4_H0009-4:402b-11	koo shi ka /	402b	koo chi ka 
BO_K02_D0008-4_H0009-4:402b-12	gang de ltar chos thams cad la'ang rab tu rtog la /	402b	gang de ltar chos thams cad la rab tu rtogs la 
BO_K02_D0008-4_H0009-4:402b-13	chos gang la'ang rnam par rgyu ba med pa 'di ni byang chub sems dpa' sems dpa' chen po'i shes rab kyi pha rol tu phyin pa'o //	402b	chos gang la rnam ba rgyu ba med ba di ni byang chub sems dpa sems dpa chen po shes rab kyi pha rol tu phyin ba 
BO_K02_D0008-4_H0009-4:402b-14	de skad ces smras pa dang / lha'i dbang po brgya byin gyis /	402b	de skad ces smras ba dang lha dbang po brgya byin gyis 
BO_K02_D0008-4_H0009-4:403a-0	gnas brtan rab 'byor la 'di @403a *//	403a	gnas brtan rab byor la di 
BO_K02_D0008-4_H0009-4:403a-1	skad ces smas so //	403a	skad ces smas so 
BO_K02_D0008-4_H0009-4:403a-2	btsun pa rab 'byor /	403a	btsun ba rab byor 
BO_K02_D0008-4_H0009-4:403a-3	ji ltar na yongs su bsngo ba'i sems byang chub kyi sems dang 'grogs pa ma yin /	403a	ji ltar na yongs su sngo ba sems byang chub kyi sems dang grogs ba ma yin 
BO_K02_D0008-4_H0009-4:403a-4	ji ltar na byang chub kyi sems yongs su bsngo ba'i sems dang 'grogs pa ma yin /	403a	ji ltar na byang chub kyi sems yongs su sngo ba sems dang grogs ba ma yin 
BO_K02_D0008-4_H0009-4:403a-5	ji ltar na yongs su bsngo ba'i sems byang chub kyi sems la med cing mi dmigs /	403a	ji ltar na yongs su sngo ba sems byang chub kyi sems la med cing mi dmigs 
BO_K02_D0008-4_H0009-4:403a-6	ji ltar na byang chub kyi sems yongs su bsngo ba'i sems la med cing mi dmigs /	403a	ji ltar na byang chub kyi sems yongs su sngo ba sems la med cing mi dmigs 
BO_K02_D0008-4_H0009-4:403a-7	rab 'byor gyis smras pa /	403a	rab byor gyis smras ba 
BO_K02_D0008-4_H0009-4:403a-8	koo shi ka /	403a	koo chi ka 
BO_K02_D0008-4_H0009-4:403a-9	yongs su bsngo ba'i sems gang yin pa de ni sems ma yin /	403a	yongs su sngo ba sems gang yin ba de ni sems ma yin 
BO_K02_D0008-4_H0009-4:403a-10	byang chub kyi sems gang yin pa de'ang yongs su bsngo ba'i sems ma yin te /	403a	byang chub kyi sems gang yin ba de yongs su sngo ba sems ma yin te 
BO_K02_D0008-4_H0009-4:403a-11	de ltar na sems ma yin pa gang yin pa de ni bsam gyis mi khyab pa'o //	403a	de ltar na sems ma yin ba gang yin ba de ni bsam gyis mi khyab ba 
BO_K02_D0008-4_H0009-4:403a-12	bsam gyis mi khyab pa gang yin pa de ni sems ma yin pa ste /	403a	bsam gyis mi khyab ba gang yin ba de ni sems ma yin ba ste 
BO_K02_D0008-4_H0009-4:403a-13	sems ma yin pa de ni sems ma yin par yongs su bsngo ba med /	403a	sems ma yin ba de ni sems ma yin ba yongs su sngo ba med 
BO_K02_D0008-4_H0009-4:403a-14	bsam gyis mi khyab pa'ang bsam gyis mi khyab par yongs su bsngo ba med de /	403a	bsam gyis mi khyab ba bsam gyis mi khyab ba yongs su sngo ba med de 
BO_K02_D0008-4_H0009-4:403a-15	de ltar na sems ma yin pa gang yin pa de ni bsam gyis mi khyab pa'o //	403a	de ltar na sems ma yin ba gang yin ba de ni bsam gyis mi khyab ba 
BO_K02_D0008-4_H0009-4:403a-16	bsam gyis mi khyab pa gang yin pa de ni sems ma yin pa ste /	403a	bsam gyis mi khyab ba gang yin ba de ni sems ma yin ba ste 
BO_K02_D0008-4_H0009-4:403a-17	koo shi ka /	403a	koo chi ka 
BO_K02_D0008-4_H0009-4:403a-18	'di ni byang chub sems dpa' sems dpa' chen po'i shes rab kyi pha rol tu phyin pa'o //	403a	di ni byang chub sems dpa sems dpa chen po shes rab kyi pha rol tu phyin ba 
BO_K02_D0008-4_H0009-4:403a-19	de nas bcom ldan 'das kyis /	403a	de nas joms ldan da kyis 
BO_K02_D0008-4_H0009-4:403a-20	tshe dang ldan pa rab 'byor la bka' stsal pa /	403a	tshe dang ldan ba rab byor la bka stsal ba 
BO_K02_D0008-4_H0009-4:403b-0	rab 'byor khyod de ltar byang chub sems dpa' sems dpa' chen po rnams la @403b shes rab kyi pha rol tu phyin pa ston cing mos pa bskyed pa legs so //	403b	rab byor khyod de ltar byang chub sems dpa sems dpa chen po rnams la shes rab kyi pha rol tu phyin ba ston cing mos ba skyed ba legs so 
BO_K02_D0008-4_H0009-4:403b-1	legs so // rab 'byor /	403b	legs so rab byor 
BO_K02_D0008-4_H0009-4:403b-2	legs so // rab 'byor gyis gsol ba /	403b	legs so rab byor gyis gsol ba 
BO_K02_D0008-4_H0009-4:403b-3	bcom ldan 'das /	403b	joms ldan da 
BO_K02_D0008-4_H0009-4:403b-4	bdag gis ni bcom ldan 'das kyi bka' drin dran par bgyi ba ste /	403b	bdag gis ni joms ldan da kyi bka drin dran ba bgyid ba ste 
BO_K02_D0008-4_H0009-4:403b-5	bka' drin mi dran par mi bgyi'o //	403b	bka drin mi dran ba mi bgyid 
BO_K02_D0008-4_H0009-4:403b-6	de ni 'di ltar sngon gyi de bzhin gshegs pa dgra bcom pa yang dag par rdzogs pa'i sangs rgyas rnams bzhugs pa'i tshe /	403b	de ni di ltar sngon gyi de bzhin gshegs ba dgra joms ba yang dag ba rdzogs ba sangs rgya rnams bzhugs ba tshe 
BO_K02_D0008-4_H0009-4:403b-7	de'i tshe nyan thos de dag gis /	403b	de tshe nyan thos de dag gis 
BO_K02_D0008-4_H0009-4:403b-8	de bzhin gshegs pa dgra bcom pa yang dag par rdzogs pa'i sangs rgyas sngon byang chub sems dpar gyur pa'i tshe /	403b	de bzhin gshegs ba dgra joms ba yang dag ba rdzogs ba sangs rgya sngon byang chub sems dpar gyur ba tshe 
BO_K02_D0008-4_H0009-4:403b-9	pha rol tu phyin pa drug la gdams pa dang / rjes su bstan par bgyis te /	403b	pha rol tu phyin ba drug la doms ba dang rjes su ston ba bgyid te 
BO_K02_D0008-4_H0009-4:403b-10	dgyes pa dang / yang dag par bskul ba dang / legs par gzengs bstod pa dang / rab tu dgyes pa dang / bzhag pa dang / shin tu bstan par bgyis pas /	403b	dgyes ba dang yang dag ba skul ba dang legs ba gzengs bstod ba dang rab tu dgyes ba dang jog ba dang shin tu ston ba bgyid ba 
BO_K02_D0008-4_H0009-4:403b-11	sngon byang chub sems dpar gyur pa'i tshe /	403b	sngon byang chub sems dpar gyur ba tshe 
BO_K02_D0008-4_H0009-4:403b-12	pha rol tu phyin pa drug la bslab par mdzad de /	403b	pha rol tu phyin ba drug la bslab ba mdzad de 
BO_K02_D0008-4_H0009-4:403b-13	bcom ldan 'das kyis bla na med pa yang dag par rdzogs pa'i byang chub tu mngon par rdzogs par sangs rgyas so //	403b	joms ldan da kyis bla na med ba yang dag ba rdzogs ba byang chub tu mngon ba rdzogs ba sangs rgya so 
BO_K02_D0008-4_H0009-4:403b-14	bcom ldan 'das /	403b	joms ldan da 
BO_K02_D0008-4_H0009-4:403b-15	de bzhin du bdag gis kyang byang chub sems dpa' sems dpa' chen po rnams pha rol tu phyin pa drug la gdams par bgyi'o //	403b	de bzhin du bdag gis kyang byang chub sems dpa sems dpa chen po rnams pha rol tu phyin ba drug la doms ba bgyid 
BO_K02_D0008-4_H0009-4:403b-16	rjes su stan par bgyi'o //	403b	rjes su stan ba bgyid 
BO_K02_D0008-4_H0009-4:403b-17	dga' bar bgyi'o //	403b	dga ba bgyid 
BO_K02_D0008-4_H0009-4:403b-18	yang dag par bskul bar bgyi'o //	403b	yang dag ba skul ba bgyid 
BO_K02_D0008-4_H0009-4:403b-19	legs par gzengs bstod par bgyi'o //	403b	legs ba gzengs bstod ba bgyid 
BO_K02_D0008-4_H0009-4:403b-20	rab tu dga' bar bgyi'o //	403b	rab tu dga ba bgyid 
BO_K02_D0008-4_H0009-4:404a-0	@404a *// dgod par bgyi'o //	404a	god ba bgyid 
BO_K02_D0008-4_H0009-4:404a-1	shin tu brtan par bgyi'o //	404a	shin tu brtan ba bgyid 
BO_K02_D0008-4_H0009-4:404a-2	bdag gis byang chub sems dpa' sems dpa' chen po pha rol tu phyin pa drug la de ltar gdams pa dang / rjes su bstan pa dang / dga' bar bgyis pa dang / yang dag par bskul ba dang / legs par gzengs bstod pa dang /	404a	bdag gis byang chub sems dpa sems dpa chen po pha rol tu phyin ba drug la de ltar doms ba dang rjes su ston ba dang dga ba bgyid ba dang yang dag ba skul ba dang legs ba gzengs bstod ba dang 
BO_K02_D0008-4_H0009-4:404a-3	rab tu dga' bar bgyis pa dang / bkod pa dang / shin tu brtan pa dag kyang bla na med pa yang dag par rdzogs pa'i byang chub tu mngon par 'tshang rgya bar 'gyur ro //	404a	rab tu dga ba bgyid ba dang bkod ba dang shin tu brtan ba dag kyang bla na med ba yang dag ba rdzogs ba byang chub tu mngon ba tshang rgya ba gyur ro 
BO_K02_D0008-4_H0009-4:404a-4	de nas tshe dang ldan pa rab 'byor gyis /	404a	de nas tshe dang ldan ba rab byor gyis 
BO_K02_D0008-4_H0009-4:404a-5	lha'i dbang po brgya byin la 'di skad ces smras so //	404a	lha dbang po brgya byin la di skad ces smras so 
BO_K02_D0008-4_H0009-4:404a-6	koo shi ka /	404a	koo chi ka 
BO_K02_D0008-4_H0009-4:404a-7	de'i phyir shin tu legs par nyon la yid la gzung zhig dang / ji ltar byang chub sems dpa' sems dpa' chen pos shes rab kyi pha rol tu phyin pa la gnas par bya ba dang / ji ltar mi gnas par bya ba bdag gis bshad do //	404a	de phyir shin tu legs ba nyon la yid la gzung jig dang ji ltar byang chub sems dpa sems dpa chen pos shes rab kyi pha rol tu phyin ba la gnas ba byed ba dang ji ltar mi gnas ba byed ba bdag gis chad do 
BO_K02_D0008-4_H0009-4:404a-8	koo shi ka /	404a	koo chi ka 
BO_K02_D0008-4_H0009-4:404a-9	gzugs ni gzugs kyis stong ngo //	404a	gzugs ni gzugs kyis stong ngo 
BO_K02_D0008-4_H0009-4:404a-10	tshor ba ni tshor bas stong ngo //	404a	tshor ba ni tshor ba stong ngo 
BO_K02_D0008-4_H0009-4:404a-11	'du shes ni 'du shes kyis stong ngo //	404a	du shes ni du shes kyis stong ngo 
BO_K02_D0008-4_H0009-4:404a-12	'du byed ni 'du byed kyis stong ngo //	404a	du byed ni du byed kyis stong ngo 
BO_K02_D0008-4_H0009-4:404a-13	rnam par shes pa ni rnam par shes pas stong ngo //	404a	rnam ba shes ba ni rnam ba shes ba stong ngo 
BO_K02_D0008-4_H0009-4:404a-14	byang chub sems dpa' ni byang chub sems dpas stong ngo //	404a	byang chub sems dpa ni byang chub sems dpas stong ngo 
BO_K02_D0008-4_H0009-4:404a-15	koo shi ka /	404a	koo chi ka 
BO_K02_D0008-4_H0009-4:404b-0	de ltar na gzugs stong pa nyid dang / tshor ba stong pa nyid dang / 'du shes stong pa nyid dang / 'du byed stong pa nyid dang / rnam par shes pa stong pa nyid dang / byang chub sems dpa' stong @404b pa nyid de la gnyis su med cing gnyis su byar med do //	404b	de ltar na gzugs stong ba nyid dang tshor ba stong ba nyid dang du shes stong ba nyid dang du byed stong ba nyid dang rnam ba shes ba stong ba nyid dang byang chub sems dpa stong ba nyid de la gnyis su med cing gnyis su byar med do 
BO_K02_D0008-4_H0009-4:404b-1	koo shi ka /	404b	koo chi ka 
BO_K02_D0008-4_H0009-4:404b-2	byang chub sems dpa' sems dpa' chen pos shes rab kyi pha rol tu phyin pa la de ltar gnas par bya'o //	404b	byang chub sems dpa sems dpa chen pos shes rab kyi pha rol tu phyin ba la de ltar gnas ba byed 
BO_K02_D0008-4_H0009-4:404b-3	koo shi ka gzhan yang mig ni mig gis stong ngo //	404b	koo chi ka gzhan yang mig ni mig gis stong ngo 
BO_K02_D0008-4_H0009-4:404b-4	rna ba ni rna bas stong ngo //	404b	rna ba ni rna ba stong ngo 
BO_K02_D0008-4_H0009-4:404b-5	sna ni snas stong ngo //	404b	sna ni snas stong ngo 
BO_K02_D0008-4_H0009-4:404b-6	lce ni lces stong ngo //	404b	lce ni lces stong ngo 
BO_K02_D0008-4_H0009-4:404b-7	lus ni lus kyis stong ngo //	404b	lus ni lus kyis stong ngo 
BO_K02_D0008-4_H0009-4:404b-8	yid ni yid kyis stong ngo //	404b	yid ni yid kyis stong ngo 
BO_K02_D0008-4_H0009-4:404b-9	byang chub sems dpa' ni byang chub sems dpas stong ngo //	404b	byang chub sems dpa ni byang chub sems dpas stong ngo 
BO_K02_D0008-4_H0009-4:404b-10	koo shi ka /	404b	koo chi ka 
BO_K02_D0008-4_H0009-4:404b-11	de ltar na mig stong pa nyid dang / rna ba stong pa nyid dang / sna stong pa nyid dang / lce stong pa nyid dang / lus stong pa nyid dang / yid stong pa nyid dang / byang chub sems dpa' stong pa nyid de la gnyis su med cing gnyis su byar med do //	404b	de ltar na mig stong ba nyid dang rna ba stong ba nyid dang sna stong ba nyid dang lce stong ba nyid dang lus stong ba nyid dang yid stong ba nyid dang byang chub sems dpa stong ba nyid de la gnyis su med cing gnyis su byar med do 
BO_K02_D0008-4_H0009-4:404b-12	koo shi ka /	404b	koo chi ka 
BO_K02_D0008-4_H0009-4:404b-13	byang chub sems dpa' sems dpa' chen pos shes rab kyi pha rol tu phyin pa la de ltar gnas par bya'o //	404b	byang chub sems dpa sems dpa chen pos shes rab kyi pha rol tu phyin ba la de ltar gnas ba byed 
BO_K02_D0008-4_H0009-4:404b-14	koo shi ka /	404b	koo chi ka 
BO_K02_D0008-4_H0009-4:404b-15	gzhan yang gzugs ni gzugs kyis stong ngo //	404b	gzhan yang gzugs ni gzugs kyis stong ngo 
BO_K02_D0008-4_H0009-4:404b-16	sgra ni sgras stong ngo //	404b	sgra ni sgras stong ngo 
BO_K02_D0008-4_H0009-4:404b-17	dri ni dris stong ngo //	404b	dri ni dri stong ngo 
BO_K02_D0008-4_H0009-4:404b-18	ro ni ros stong ngo //	404b	ro ni ros stong ngo 
BO_K02_D0008-4_H0009-4:404b-19	reg ni reg gis stong ngo //	404b	reg ni reg gis stong ngo 
BO_K02_D0008-4_H0009-4:404b-20	chos ni chos kyis stong ngo //	404b	chos ni chos kyis stong ngo 
BO_K02_D0008-4_H0009-4:404b-21	byang chub sems dpa' ni byang chub sems dpas stong ngo //	404b	byang chub sems dpa ni byang chub sems dpas stong ngo 
BO_K02_D0008-4_H0009-4:404b-22	koo shi ka /	404b	koo chi ka 
BO_K02_D0008-4_H0009-4:404b-23	de ltar na gzugs stong pa nyid dang / sgra stong pa nyid dang / dri stong pa nyid dang / ro stong pa nyid dang / reg stong pa nyid dang / chos stong pa nyid dang / byang chub sems dpa' stong pa nyid de la gnyis su med cing gnyis su byar med do //	404b	de ltar na gzugs stong ba nyid dang sgra stong ba nyid dang dri stong ba nyid dang ro stong ba nyid dang reg stong ba nyid dang chos stong ba nyid dang byang chub sems dpa stong ba nyid de la gnyis su med cing gnyis su byar med do 
BO_K02_D0008-4_H0009-4:404b-24	koo shi ka /	404b	koo chi ka 
BO_K02_D0008-4_H0009-4:405a-0	byang chub sems dpa' sems dpa' chen @405a *//	405a	byang chub sems dpa sems dpa chen 
BO_K02_D0008-4_H0009-4:405a-1	pos shes rab kyi pha rol tu phyin pa la de ltar gnas par bya'o /	405a	pos shes rab kyi pha rol tu phyin ba la de ltar gnas ba byed 
BO_K02_D0008-4_H0009-4:405a-2	koo shi ka /	405a	koo chi ka 
BO_K02_D0008-4_H0009-4:405a-3	gzhan yang mig gi rnam par shes pa ni mig gi rnam par shes pas stong ngo //	405a	gzhan yang mig gi rnam ba shes ba ni mig gi rnam ba shes ba stong ngo 
BO_K02_D0008-4_H0009-4:405a-4	rna ba'i rnam par shes pa ni rna ba'i rnam par shes pas stong ngo //	405a	rna ba rnam ba shes ba ni rna ba rnam ba shes ba stong ngo 
BO_K02_D0008-4_H0009-4:405a-5	sna'i rnam par shes pa ni sna'i rnam par shes pas stong ngo //	405a	sna rnam ba shes ba ni sna rnam ba shes ba stong ngo 
BO_K02_D0008-4_H0009-4:405a-6	lce'i rnam par shes pa ni lce'i rnam par shes pas stong ngo //	405a	lce rnam ba shes ba ni lce rnam ba shes ba stong ngo 
BO_K02_D0008-4_H0009-4:405a-7	lus kyi rnam par shes pa ni lus kyi rnam par shes pas stong ngo //	405a	lus kyi rnam ba shes ba ni lus kyi rnam ba shes ba stong ngo 
BO_K02_D0008-4_H0009-4:405a-8	yid kyi rnam par shes pa ni yid kyi rnam par shes pas stong ngo //	405a	yid kyi rnam ba shes ba ni yid kyi rnam ba shes ba stong ngo 
BO_K02_D0008-4_H0009-4:405a-9	byang chub sems dpa' ni byang chub sems dpas stong ngo //	405a	byang chub sems dpa ni byang chub sems dpas stong ngo 
BO_K02_D0008-4_H0009-4:405a-10	koo shi ka /	405a	koo chi ka 
BO_K02_D0008-4_H0009-4:405a-11	de ltar na mig gi rnam par shes pa stong pa nyid dang / rna ba'i rnam par shes pa stong pa nyid dang / sna'i rnam par shes pa stong pa nyid dang / lce'i rnam par shes pa stong pa nyid dang / lus kyi rnam par shes pa stong pa nyid dang /	405a	de ltar na mig gi rnam ba shes ba stong ba nyid dang rna ba rnam ba shes ba stong ba nyid dang sna rnam ba shes ba stong ba nyid dang lce rnam ba shes ba stong ba nyid dang lus kyi rnam ba shes ba stong ba nyid dang 
BO_K02_D0008-4_H0009-4:405a-12	yid kyi rnam par shes pa stong pa nyid dang / byang chub sems dpa' stong pa nyid de la gnyis su med cing gnyis su byar med do //	405a	yid kyi rnam ba shes ba stong ba nyid dang byang chub sems dpa stong ba nyid de la gnyis su med cing gnyis su byar med do 
BO_K02_D0008-4_H0009-4:405a-13	koo shi ka /	405a	koo chi ka 
BO_K02_D0008-4_H0009-4:405a-14	byang chub sems dpa' sems dpa' chen pos shes rab kyi pha rol tu phyin pa de ltar gnas par bya'o /	405a	byang chub sems dpa sems dpa chen pos shes rab kyi pha rol tu phyin ba de ltar gnas ba byed 
BO_K02_D0008-4_H0009-4:405a-15	koo shi ka /	405a	koo chi ka 
BO_K02_D0008-4_H0009-4:405a-16	gzhan yang mig gi 'dus te reg pa ni mig gi 'dus te reg pas stong ngo //	405a	gzhan yang mig gi du te reg ba ni mig gi du te reg ba stong ngo 
BO_K02_D0008-4_H0009-4:405a-17	rna ba'i 'dus te reg pa ni rna ba'i 'dus te reg pas stong ngo //	405a	rna ba du te reg ba ni rna ba du te reg ba stong ngo 
BO_K02_D0008-4_H0009-4:405a-18	sna'i 'dus te reg pa ni sna'i 'dus te reg pas stong ngo //	405a	sna du te reg ba ni sna du te reg ba stong ngo 
BO_K02_D0008-4_H0009-4:405b-0	lce'i @405b 'dus te reg pa ni lce'i 'dus te reg pas stong ngo //	405b	lce du te reg ba ni lce du te reg ba stong ngo 
BO_K02_D0008-4_H0009-4:405b-1	lus kyi 'dus te reg pa ni lus kyi 'dus te reg pas stong ngo //	405b	lus kyi du te reg ba ni lus kyi du te reg ba stong ngo 
BO_K02_D0008-4_H0009-4:405b-2	yid kyi 'dus te reg pa ni yid kyi 'dus te reg pas stong ngo //	405b	yid kyi du te reg ba ni yid kyi du te reg ba stong ngo 
BO_K02_D0008-4_H0009-4:405b-3	byang chub sems dpa' ni byang chub sems dpas stong ngo //	405b	byang chub sems dpa ni byang chub sems dpas stong ngo 
BO_K02_D0008-4_H0009-4:405b-4	koo shi ka /	405b	koo chi ka 
BO_K02_D0008-4_H0009-4:405b-5	de ltar na mig gi 'dus te reg pa stong pa nyid dang / rna ba'i 'dus te reg pa stong pa nyid dang / sna'i 'dus te reg pa stong pa nyid dang / lce'i 'dus te reg pa stong pa nyid dang / lus kyi 'dus te reg pa stong pa nyid dang /	405b	de ltar na mig gi du te reg ba stong ba nyid dang rna ba du te reg ba stong ba nyid dang sna du te reg ba stong ba nyid dang lce du te reg ba stong ba nyid dang lus kyi du te reg ba stong ba nyid dang 
BO_K02_D0008-4_H0009-4:405b-6	yid kyi 'dus te reg pa stong pa nyid dang / byang chub sems dpa' stong pa nyid de la gnyis su med cing gnyis su byar med do //	405b	yid kyi du te reg ba stong ba nyid dang byang chub sems dpa stong ba nyid de la gnyis su med cing gnyis su byar med do 
BO_K02_D0008-4_H0009-4:405b-7	koo shi ka /	405b	koo chi ka 
BO_K02_D0008-4_H0009-4:405b-8	byang chub sems dpa' sems dpa' chen pos shes rab kyi pha rol tu phyin pa la de ltar gnas par bya'o /	405b	byang chub sems dpa sems dpa chen pos shes rab kyi pha rol tu phyin ba la de ltar gnas ba byed 
BO_K02_D0008-4_H0009-4:405b-9	koo shi ka /	405b	koo chi ka 
BO_K02_D0008-4_H0009-4:405b-10	gzhan yang mig gi 'dus te reg pa las byung ba'i tshor ba ni mig gi 'dus te reg pa las byung ba'i tshor bas stong ngo //	405b	gzhan yang mig gi du te reg ba las byung ba tshor ba ni mig gi du te reg ba las byung ba tshor ba stong ngo 
BO_K02_D0008-4_H0009-4:405b-11	rna ba'i 'dus te reg pa las byung ba'i tshor ba ni rna ba'i 'dus te reg pa las byung ba'i tshor bas stong ngo //	405b	rna ba du te reg ba las byung ba tshor ba ni rna ba du te reg ba las byung ba tshor ba stong ngo 
BO_K02_D0008-4_H0009-4:405b-12	sna'i 'dus te reg pa las byung ba'i tshor ba ni sna'i 'dus te reg pa las byung ba'i tshor bas stong ngo //	405b	sna du te reg ba las byung ba tshor ba ni sna du te reg ba las byung ba tshor ba stong ngo 
BO_K02_D0008-4_H0009-4:405b-13	lce'i 'dus te reg pa las byung ba'i tshor ba ni lce'i 'dus te reg pa las byung ba'i tshor bas stong ngo //	405b	lce du te reg ba las byung ba tshor ba ni lce du te reg ba las byung ba tshor ba stong ngo 
BO_K02_D0008-4_H0009-4:405b-14	lus kyi 'dus te reg pa las byung ba'i tshor ba ni lus kyi 'dus te reg pa las byung ba'i tshor bas stong ngo //	405b	lus kyi du te reg ba las byung ba tshor ba ni lus kyi du te reg ba las byung ba tshor ba stong ngo 
BO_K02_D0008-4_H0009-4:406a-0	yid kyi 'dus te @406a *//	406a	yid kyi du te 
BO_K02_D0008-4_H0009-4:406a-1	reg pa las byung ba'i tshor ba ni yid kyi 'dus te reg pa las byung ba'i tshor bas stong ngo //	406a	reg ba las byung ba tshor ba ni yid kyi du te reg ba las byung ba tshor ba stong ngo 
BO_K02_D0008-4_H0009-4:406a-2	byang chub sems dpa' ni byang chub sems dpas stong ngo //	406a	byang chub sems dpa ni byang chub sems dpas stong ngo 
BO_K02_D0008-4_H0009-4:406a-3	koo shi ka /	406a	koo chi ka 
BO_K02_D0008-4_H0009-4:406a-4	de ltar na mig gi 'dus te reg pa las byung ba'i tshor ba stong pa nyid dang / rna ba'i 'dus te reg pa las byung ba'i tshor ba stong pa nyid dang / sna'i 'dus te reg pa las byung ba'i tshor ba stong pa nyid dang /	406a	de ltar na mig gi du te reg ba las byung ba tshor ba stong ba nyid dang rna ba du te reg ba las byung ba tshor ba stong ba nyid dang sna du te reg ba las byung ba tshor ba stong ba nyid dang 
BO_K02_D0008-4_H0009-4:406a-5	lce'i 'dus te reg pa las byung ba'i tshor ba stong pa nyid dang / lus kyi 'dus te reg pa las byung ba'i tshor ba stong pa nyid dang / yid kyi 'dus te reg pa las byung ba'i tshor ba stong pa nyid dang / byang chub sems dpa' stong pa nyid de la gnyis su med cing gnyis su byar med do //	406a	lce du te reg ba las byung ba tshor ba stong ba nyid dang lus kyi du te reg ba las byung ba tshor ba stong ba nyid dang yid kyi du te reg ba las byung ba tshor ba stong ba nyid dang byang chub sems dpa stong ba nyid de la gnyis su med cing gnyis su byar med do 
BO_K02_D0008-4_H0009-4:406a-6	koo shi ka /	406a	koo chi ka 
BO_K02_D0008-4_H0009-4:406a-7	byang chub sems dpa' sems dpa' chen pos shes rab kyi pha rol tu phyin pa la de ltar gnas par bya'o //	406a	byang chub sems dpa sems dpa chen pos shes rab kyi pha rol tu phyin ba la de ltar gnas ba byed 
BO_K02_D0008-4_H0009-4:406a-8	koo shi ka /	406a	koo chi ka 
BO_K02_D0008-4_H0009-4:406a-9	gzhan yang sa'i khams ni sa'i khams kyis stong ngo //	406a	gzhan yang sa khams ni sa khams kyis stong ngo 
BO_K02_D0008-4_H0009-4:406a-10	chu'i khams ni chu'i khams kyis stong ngo //	406a	chu khams ni chu khams kyis stong ngo 
BO_K02_D0008-4_H0009-4:406a-11	me'i khams ni me'i khams kyis stong ngo //	406a	me khams ni me khams kyis stong ngo 
BO_K02_D0008-4_H0009-4:406a-12	rlung gi khams ni rlung gi khams kyis stong ngo //	406a	rlung gi khams ni rlung gi khams kyis stong ngo 
BO_K02_D0008-4_H0009-4:406a-13	nam mkha'i khams ni nam mkha'i khams kyis stong ngo //	406a	nam mkha khams ni nam mkha khams kyis stong ngo 
BO_K02_D0008-4_H0009-4:406a-14	rnam par shes pa'i khams ni rnam par shes pa'i khams kyis stong ngo //	406a	rnam ba shes ba khams ni rnam ba shes ba khams kyis stong ngo 
BO_K02_D0008-4_H0009-4:406a-15	byang chub sems dpa' ni byang chub sems dpas stong ngo //	406a	byang chub sems dpa ni byang chub sems dpas stong ngo 
BO_K02_D0008-4_H0009-4:406a-16	koo shi ka /	406a	koo chi ka 
BO_K02_D0008-4_H0009-4:406b-0	de ltar na sa'i khams stong pa nyid dang / chu'i khams stong pa nyid dang / @406b me'i khams stong pa nyid dang / rlung gi khams stong pa nyid dang / nam mkha'i khams stong pa nyid dang / rnam par shes pa'i khams stong pa nyid dang /	406b	de ltar na sa khams stong ba nyid dang chu khams stong ba nyid dang me khams stong ba nyid dang rlung gi khams stong ba nyid dang nam mkha khams stong ba nyid dang rnam ba shes ba khams stong ba nyid dang 
BO_K02_D0008-4_H0009-4:406b-1	byang chub sems dpa' stong pa nyid de la gnyis su med de gnyis su byar med do //	406b	byang chub sems dpa stong ba nyid de la gnyis su med de gnyis su byar med do 
BO_K02_D0008-4_H0009-4:406b-2	koo shi ka /	406b	koo chi ka 
BO_K02_D0008-4_H0009-4:406b-3	byang chub sems dpa' sems dpa' chen pos shes rab kyi pha rol tu phyin pa la de ltar gnas par bya'o //	406b	byang chub sems dpa sems dpa chen pos shes rab kyi pha rol tu phyin ba la de ltar gnas ba byed 
BO_K02_D0008-4_H0009-4:406b-4	koo shi ka /	406b	koo chi ka 
BO_K02_D0008-4_H0009-4:406b-5	gzhan yang ma rig pa ni ma rig pas stong ngo //	406b	gzhan yang ma rig ba ni ma rig ba stong ngo 
BO_K02_D0008-4_H0009-4:406b-6	'du byed ni 'du byed kyis stong ngo //	406b	du byed ni du byed kyis stong ngo 
BO_K02_D0008-4_H0009-4:406b-7	rnam par shes pa ni rnam par shes pas stong ngo //	406b	rnam ba shes ba ni rnam ba shes ba stong ngo 
BO_K02_D0008-4_H0009-4:406b-8	ming dang gzugs ni ming dang gzugs kyis stong ngo //	406b	ming dang gzugs ni ming dang gzugs kyis stong ngo 
BO_K02_D0008-4_H0009-4:406b-9	skye mched drug ni skye mched drug gis stong ngo //	406b	skye mched drug ni skye mched drug gis stong ngo 
BO_K02_D0008-4_H0009-4:406b-10	reg pa ni reg pas stong ngo //	406b	reg ba ni reg ba stong ngo 
BO_K02_D0008-4_H0009-4:406b-11	tshor ba ni tshor bas stong ngo //	406b	tshor ba ni tshor ba stong ngo 
BO_K02_D0008-4_H0009-4:406b-12	sred pa ni sred pas stong ngo //	406b	sred ba ni sred ba stong ngo 
BO_K02_D0008-4_H0009-4:406b-13	len pa ni len pas stong ngo //	406b	len ba ni len ba stong ngo 
BO_K02_D0008-4_H0009-4:406b-14	srid pa ni srid pas stong ngo //	406b	srid ba ni srid ba stong ngo 
BO_K02_D0008-4_H0009-4:406b-15	skye ba ni skye bas stong ngo //	406b	skye ba ni skye ba stong ngo 
BO_K02_D0008-4_H0009-4:406b-16	rga shi ni rga shis stong ngo //	406b	rga chi ni rga shis stong ngo 
BO_K02_D0008-4_H0009-4:406b-17	byang chub sems dpa' ni byang chub sems dpas stong ngo //	406b	byang chub sems dpa ni byang chub sems dpas stong ngo 
BO_K02_D0008-4_H0009-4:406b-18	koo shi ka /	406b	koo chi ka 
BO_K02_D0008-4_H0009-4:406b-19	de ltar na ma rig pa stong pa nyid dang / 'du byed stong pa nyid dang / rnam par shes pa stong pa nyid dang / ming dang gzugs stong pa nyid dang / skye mched drug stong pa nyid dang / reg pa stong pa nyid dang /	406b	de ltar na ma rig ba stong ba nyid dang du byed stong ba nyid dang rnam ba shes ba stong ba nyid dang ming dang gzugs stong ba nyid dang skye mched drug stong ba nyid dang reg ba stong ba nyid dang 
BO_K02_D0008-4_H0009-4:406b-20	tshor ba stong pa nyid dang / sred pa stong pa nyid dang / len pa stong pa nyid dang / srid pa stong pa nyid dang / skye ba stong pa nyid dang / rga shi stong pa nyid dang / byang chub sems dpa' stong pa nyid de la gnyis su med cing gnyis su byar med do //	406b	tshor ba stong ba nyid dang sred ba stong ba nyid dang len ba stong ba nyid dang srid ba stong ba nyid dang skye ba stong ba nyid dang rga chi stong ba nyid dang byang chub sems dpa stong ba nyid de la gnyis su med cing gnyis su byar med do 
BO_K02_D0008-4_H0009-4:406b-21	koo shi ka /	406b	koo chi ka 
BO_K02_D0008-4_H0009-4:407a-0	byang chub @407a *//	407a	byang chub 
BO_K02_D0008-4_H0009-4:407a-1	sems dpa' sems dpa' chen pos shes rab kyi pha rol tu phyin pa la de ltar gnas par bya'o //	407a	sems dpa sems dpa chen pos shes rab kyi pha rol tu phyin ba la de ltar gnas ba byed 
BO_K02_D0008-4_H0009-4:407a-2	koo shi ka /	407a	koo chi ka 
BO_K02_D0008-4_H0009-4:407a-3	gzhan yang sbyin pa'i pha rol tu phyin pa ni sbyin pa'i pha rol tu phyin pas stong ngo //	407a	gzhan yang sbyin ba pha rol tu phyin ba ni sbyin ba pha rol tu phyin ba stong ngo 
BO_K02_D0008-4_H0009-4:407a-4	tshul khrims kyi pha rol tu phyin pa ni tshul khrims kyi pha rol tu phyin pas stong ngo //	407a	tshul khrims kyi pha rol tu phyin ba ni tshul khrims kyi pha rol tu phyin ba stong ngo 
BO_K02_D0008-4_H0009-4:407a-5	bzod pa'i pha rol tu phyin pa ni bzod pa'i pha rol tu phyin pas stong ngo //	407a	bzod ba pha rol tu phyin ba ni bzod ba pha rol tu phyin ba stong ngo 
BO_K02_D0008-4_H0009-4:407a-6	brtson 'grus kyi pha rol tu phyin pa ni brtson 'grus kyi pha rol tu phyin pas stong ngo //	407a	brtson grus kyi pha rol tu phyin ba ni brtson grus kyi pha rol tu phyin ba stong ngo 
BO_K02_D0008-4_H0009-4:407a-7	bsam gtan gyi pha rol tu phyin pa ni bsam gtan gyi pha rol tu phyin pas stong ngo //	407a	bsam gtan gyi pha rol tu phyin ba ni bsam gtan gyi pha rol tu phyin ba stong ngo 
BO_K02_D0008-4_H0009-4:407a-8	shes rab kyi pha rol tu phyin pa ni shes rab kyi pha rol tu phyin pas stong ngo //	407a	shes rab kyi pha rol tu phyin ba ni shes rab kyi pha rol tu phyin ba stong ngo 
BO_K02_D0008-4_H0009-4:407a-9	byang chub sems dpa' ni byang chub sems dpas stong ngo //	407a	byang chub sems dpa ni byang chub sems dpas stong ngo 
BO_K02_D0008-4_H0009-4:407a-10	koo shi ka /	407a	koo chi ka 
BO_K02_D0008-4_H0009-4:407a-11	de ltar na sbyin pa'i pha rol tu phyin pa stong pa nyid dang / tshul khrims kyi pha rol tu phyin pa stong pa nyid dang / bzod pa'i pha rol tu phyin pa stong pa nyid dang / brtson 'grus kyi pha rol tu phyin pa stong pa nyid dang /	407a	de ltar na sbyin ba pha rol tu phyin ba stong ba nyid dang tshul khrims kyi pha rol tu phyin ba stong ba nyid dang bzod ba pha rol tu phyin ba stong ba nyid dang brtson grus kyi pha rol tu phyin ba stong ba nyid dang 
BO_K02_D0008-4_H0009-4:407a-12	bsam gtan gyi pha rol tu phyin pa stong pa nyid dang / shes rab kyi pha rol tu phyin pa stong pa nyid dang / byang chub sems dpa' stong pa nyid de la gnyis su med cing gnyis su byar med do //	407a	bsam gtan gyi pha rol tu phyin ba stong ba nyid dang shes rab kyi pha rol tu phyin ba stong ba nyid dang byang chub sems dpa stong ba nyid de la gnyis su med cing gnyis su byar med do 
BO_K02_D0008-4_H0009-4:407a-13	koo shi ka /	407a	koo chi ka 
BO_K02_D0008-4_H0009-4:407a-14	byang chub sems dpa' sems dpa' chen pos shes rab kyi pha rol tu phyin pa la de ltar gnas par bya'o //	407a	byang chub sems dpa sems dpa chen pos shes rab kyi pha rol tu phyin ba la de ltar gnas ba byed 
BO_K02_D0008-4_H0009-4:407a-15	koo shi ka /	407a	koo chi ka 
BO_K02_D0008-4_H0009-4:407b-0	gzhan yang nang stong pa nyid ni nang stong pa nyid kyis @407b stong ngo //	407b	gzhan yang nang stong ba nyid ni nang stong ba nyid kyis stong ngo 
BO_K02_D0008-4_H0009-4:407b-1	phyi stong pa nyid ni phyi stong pa nyid kyis stong ngo //	407b	phyi stong ba nyid ni phyi stong ba nyid kyis stong ngo 
BO_K02_D0008-4_H0009-4:407b-2	phyi nang stong pa nyid ni phyi nang stong pa nyid kyis stong ngo //	407b	phyi nang stong ba nyid ni phyi nang stong ba nyid kyis stong ngo 
BO_K02_D0008-4_H0009-4:407b-3	stong pa nyid stong pa nyid ni stong pa nyid stong pa nyid kyis stong ngo //	407b	stong ba nyid stong ba nyid ni stong ba nyid stong ba nyid kyis stong ngo 
BO_K02_D0008-4_H0009-4:407b-4	chen po stong pa nyid ni chen po stong pa nyid kyis stong ngo //	407b	chen po stong ba nyid ni chen po stong ba nyid kyis stong ngo 
BO_K02_D0008-4_H0009-4:407b-5	don dam pa stong pa nyid ni don dam pa stong pa nyid kyis stong ngo //	407b	don dam ba stong ba nyid ni don dam ba stong ba nyid kyis stong ngo 
BO_K02_D0008-4_H0009-4:407b-6	'dus byas stong pa nyid ni 'dus byas stong pa nyid kyis stong ngo //	407b	du byed stong ba nyid ni du byed stong ba nyid kyis stong ngo 
BO_K02_D0008-4_H0009-4:407b-7	'dus ma byas stong pa nyid ni 'dus ma byas stong pa nyid kyis stong ngo //	407b	du ma byed stong ba nyid ni du ma byed stong ba nyid kyis stong ngo 
BO_K02_D0008-4_H0009-4:407b-8	mtha' las 'das pa stong pa nyid ni mtha' las 'das pa stong pa nyid kyis stong ngo //	407b	mtha las da ba stong ba nyid ni mtha las da ba stong ba nyid kyis stong ngo 
BO_K02_D0008-4_H0009-4:407b-9	thog ma dang tha ma med pa stong pa nyid ni thog ma dang tha ma med pa stong pa nyid kyis stong ngo //	407b	thogs ma dang tha ma med ba stong ba nyid ni thogs ma dang tha ma med ba stong ba nyid kyis stong ngo 
BO_K02_D0008-4_H0009-4:407b-10	dor ba med pa stong pa nyid ni dor ba med pa stong pa nyid kyis stong ngo //	407b	dor ba med ba stong ba nyid ni dor ba med ba stong ba nyid kyis stong ngo 
BO_K02_D0008-4_H0009-4:407b-11	rang bzhin stong pa nyid ni rang bzhin stong pa nyid kyis stong ngo //	407b	rang bzhin stong ba nyid ni rang bzhin stong ba nyid kyis stong ngo 
BO_K02_D0008-4_H0009-4:407b-12	chos thams cad stong pa nyid ni chos thams cad stong pa nyid kyis stong ngo //	407b	chos thams cad stong ba nyid ni chos thams cad stong ba nyid kyis stong ngo 
BO_K02_D0008-4_H0009-4:407b-13	rang gi mtshan nyid stong pa nyid ni rang gi mtshan nyid stong pa nyid kyis stong ngo //	407b	rang gi mtshan nyid stong ba nyid ni rang gi mtshan nyid stong ba nyid kyis stong ngo 
BO_K02_D0008-4_H0009-4:407b-14	mi dmigs pa stong pa nyid ni mi dmigs pa stong pa nyid kyis stong ngo //	407b	mi dmigs ba stong ba nyid ni mi dmigs ba stong ba nyid kyis stong ngo 
BO_K02_D0008-4_H0009-4:407b-15	dngos po med pa stong pa nyid ni dngos po med pa stong pa nyid kyis stong ngo //	407b	dngos po med ba stong ba nyid ni dngos po med ba stong ba nyid kyis stong ngo 
BO_K02_D0008-4_H0009-4:407b-16	ngo bo nyid stong pa nyid ni ngo bo nyid stong pa nyid kyis stong ngo //	407b	ngo bo nyid stong ba nyid ni ngo bo nyid stong ba nyid kyis stong ngo 
BO_K02_D0008-4_H0009-4:407b-17	dngos po med pa'i ngo bo nyid stong pa nyid ni dngos po med pa'i ngo bo nyid stong pa nyid kyis stong ngo //	407b	dngos po med ba ngo bo nyid stong ba nyid ni dngos po med ba ngo bo nyid stong ba nyid kyis stong ngo 
BO_K02_D0008-4_H0009-4:407b-18	byang chub sems dpa' ni byang chub sems dpas stong ngo //	407b	byang chub sems dpa ni byang chub sems dpas stong ngo 
BO_K02_D0008-4_H0009-4:407b-19	koo shi ka /	407b	koo chi ka 
BO_K02_D0008-4_H0009-4:408a-0	de ltar na nang stong pa nyid stong pa nyid dang / phyi @408a *//	408a	de ltar na nang stong ba nyid stong ba nyid dang phyi 
BO_K02_D0008-4_H0009-4:408a-1	stong pa nyid stong pa nyid dang / phyi nang stong pa nyid stong pa nyid dang / stong pa nyid stong pa nyid stong pa nyid dang / chen po stong pa nyid stong pa nyid dang / don dam pa stong pa nyid stong pa nyid dang /	408a	stong ba nyid stong ba nyid dang phyi nang stong ba nyid stong ba nyid dang stong ba nyid stong ba nyid stong ba nyid dang chen po stong ba nyid stong ba nyid dang don dam ba stong ba nyid stong ba nyid dang 
BO_K02_D0008-4_H0009-4:408a-2	'dus byas stong pa nyid stong pa nyid dang / 'dus ma byas stong pa nyid stong pa nyid dang / mtha' las 'das pa stong pa nyid stong pa nyid dang / thog ma dang tha ma med pa stong pa nyid stong pa nyid dang / dor ba med pa stong pa nyid stong pa nyid dang /	408a	du byed stong ba nyid stong ba nyid dang du ma byed stong ba nyid stong ba nyid dang mtha las da ba stong ba nyid stong ba nyid dang thogs ma dang tha ma med ba stong ba nyid stong ba nyid dang dor ba med ba stong ba nyid stong ba nyid dang 
BO_K02_D0008-4_H0009-4:408a-3	rang bzhin stong pa nyid stong pa nyid dang / chos thams cad stong pa nyid stong pa nyid dang / rang gi mtshan nyid stong pa nyid stong pa nyid dang / mi dmigs pa stong pa nyid stong pa nyid dang / dngos po med pa stong pa nyid stong pa nyid dang /	408a	rang bzhin stong ba nyid stong ba nyid dang chos thams cad stong ba nyid stong ba nyid dang rang gi mtshan nyid stong ba nyid stong ba nyid dang mi dmigs ba stong ba nyid stong ba nyid dang dngos po med ba stong ba nyid stong ba nyid dang 
BO_K02_D0008-4_H0009-4:408a-4	ngo bo nyid stong pa nyid stong pa nyid dang / dngos po med pa'i ngo bo nyid stong pa nyid stong pa nyid dang / byang chub sems dpa' stong pa nyid de la gnyis su med de gnyis su byar med do //	408a	ngo bo nyid stong ba nyid stong ba nyid dang dngos po med ba ngo bo nyid stong ba nyid stong ba nyid dang byang chub sems dpa stong ba nyid de la gnyis su med de gnyis su byar med do 
BO_K02_D0008-4_H0009-4:408a-5	koo shi ka /	408a	koo chi ka 
BO_K02_D0008-4_H0009-4:408a-6	byang chub sems dpa' sems dpa' chen pos shes rab kyi pha rol tu phyin pa la de ltar gnas par bya'o //	408a	byang chub sems dpa sems dpa chen pos shes rab kyi pha rol tu phyin ba la de ltar gnas ba byed 
BO_K02_D0008-4_H0009-4:408a-7	koo shi ka /	408a	koo chi ka 
BO_K02_D0008-4_H0009-4:408a-8	gzhan yang dran pa nye bar bzhag pa rnams ni dran pa nye bar bzhag pa rnams kyis stong ngo //	408a	gzhan yang dran ba nye ba jog ba rnams ni dran ba nye ba jog ba rnams kyis stong ngo 
BO_K02_D0008-4_H0009-4:408a-9	yang dag par spong ba rnams ni yang dag par spong ba rnams kyis stong ngo //	408a	yang dag ba spong ba rnams ni yang dag ba spong ba rnams kyis stong ngo 
BO_K02_D0008-4_H0009-4:408a-10	rdzu 'phrul gyi rkang pa rnams ni rdzu 'phrul gyi rkang pa rnams kyis stong ngo //	408a	rdzu phrul gyi rkang ba rnams ni rdzu phrul gyi rkang ba rnams kyis stong ngo 
BO_K02_D0008-4_H0009-4:408b-0	dbang po rnams ni dbang po rnams kyis stong @408b ngo //	408b	dbang po rnams ni dbang po rnams kyis stong ngo 
BO_K02_D0008-4_H0009-4:408b-1	stobs rnams ni stobs rnams kyis stong ngo //	408b	stobs rnams ni stobs rnams kyis stong ngo 
BO_K02_D0008-4_H0009-4:408b-2	byang chub kyi yan lag rnams ni byang chub kyi yan lag rnams kyis stong ngo //	408b	byang chub kyi yan lag rnams ni byang chub kyi yan lag rnams kyis stong ngo 
BO_K02_D0008-4_H0009-4:408b-3	'phags pa'i lam yan lag brgyad pa ni 'phags pa'i lam yan lag brgyad pas stong ngo //	408b	phag ba lam yan lag brgyad ba ni phag ba lam yan lag brgyad ba stong ngo 
BO_K02_D0008-4_H0009-4:408b-4	byang chub sems dpa' ni byang chub sems dpas stong ngo //	408b	byang chub sems dpa ni byang chub sems dpas stong ngo 
BO_K02_D0008-4_H0009-4:408b-5	koo shi ka /	408b	koo chi ka 
BO_K02_D0008-4_H0009-4:408b-6	de ltar na dran pa nye bar bzhag pa stong pa nyid dang / yang dag par spong ba stong pa nyid dang / rdzu 'phrul gyi rkang pa stong pa nyid dang / dbang po stong pa nyid dang / stobs stong pa nyid dang / byang chub kyi yan lag stong pa nyid dang /	408b	de ltar na dran ba nye ba jog ba stong ba nyid dang yang dag ba spong ba stong ba nyid dang rdzu phrul gyi rkang ba stong ba nyid dang dbang po stong ba nyid dang stobs stong ba nyid dang byang chub kyi yan lag stong ba nyid dang 
BO_K02_D0008-4_H0009-4:408b-7	'phags pa'i lam yan lag brgyad pa stong pa nyid dang / byang chub sems dpa' stong pa nyid de la gnyis su med de gnyis su byar med do //	408b	phag ba lam yan lag brgyad ba stong ba nyid dang byang chub sems dpa stong ba nyid de la gnyis su med de gnyis su byar med do 
BO_K02_D0008-4_H0009-4:408b-8	koo shi ka /	408b	koo chi ka 
BO_K02_D0008-4_H0009-4:408b-9	byang chub sems dpa' sems dpa' chen pos shes rab kyi pha rol tu phyin pa la de ltar gnas par bya'o //	408b	byang chub sems dpa sems dpa chen pos shes rab kyi pha rol tu phyin ba la de ltar gnas ba byed 
BO_K02_D0008-4_H0009-4:408b-10	koo shi ka /	408b	koo chi ka 
BO_K02_D0008-4_H0009-4:408b-11	gzhan yang 'phags pa'i bden pa rnams ni 'phags pa'i bden pa rnams kyis stong ngo //	408b	gzhan yang phag ba bden ba rnams ni phag ba bden ba rnams kyis stong ngo 
BO_K02_D0008-4_H0009-4:408b-12	bsam gtan rnams ni bsam gtan rnams kyis stong ngo //	408b	bsam gtan rnams ni bsam gtan rnams kyis stong ngo 
BO_K02_D0008-4_H0009-4:408b-13	tshad med pa rnams ni tshad med pa rnams kyis stong ngo //	408b	tshad med ba rnams ni tshad med ba rnams kyis stong ngo 
BO_K02_D0008-4_H0009-4:408b-14	gzugs med pa'i snyoms par 'jug pa rnams ni gzugs med pa'i snyoms par 'jug pa rnams kyis stong ngo //	408b	gzugs med ba snyom ba jug ba rnams ni gzugs med ba snyom ba jug ba rnams kyis stong ngo 
BO_K02_D0008-4_H0009-4:408b-15	rnam par thar pa rnams ni rnam par thar pa rnams kyis stong ngo //	408b	rnam ba thar ba rnams ni rnam ba thar ba rnams kyis stong ngo 
BO_K02_D0008-4_H0009-4:408b-16	mthar gyis gnas pa'i snyoms par 'jug pa rnams ni mthar gyis gnas pa'i snyoms par 'jug pa rnams kyis stong ngo //	408b	mthar gyis gnas ba snyom ba jug ba rnams ni mthar gyis gnas ba snyom ba jug ba rnams kyis stong ngo 
BO_K02_D0008-4_H0009-4:409a-0	rnam par thar pa'i sgo stong pa @409a *//	409a	rnam ba thar ba sgo stong ba 
BO_K02_D0008-4_H0009-4:409a-1	nyid dang / mtshan ma med pa dang / smon pa med pa ni rnam par thar pa'i sgo stong pa nyid dang / mtshan ma med pa dang / smon pa med pas stong ngo //	409a	nyid dang mtshan ma med ba dang smon ba med ba ni rnam ba thar ba sgo stong ba nyid dang mtshan ma med ba dang smon ba med ba stong ngo 
BO_K02_D0008-4_H0009-4:409a-2	mngon par shes pa rnams ni mngon par shes pa rnams kyis stong ngo //	409a	mngon ba shes ba rnams ni mngon ba shes ba rnams kyis stong ngo 
BO_K02_D0008-4_H0009-4:409a-3	ting nge 'dzin rnams ni ting nge 'dzin rnams kyis stong ngo //	409a	ting nge dzin rnams ni ting nge dzin rnams kyis stong ngo 
BO_K02_D0008-4_H0009-4:409a-4	gzungs kyi sgo rnams ni gzungs kyi sgo rnams kyis stong ngo //	409a	gzungs kyi sgo rnams ni gzungs kyi sgo rnams kyis stong ngo 
BO_K02_D0008-4_H0009-4:409a-5	de bzhin gshegs pa'i stobs rnams ni de bzhin gshegs pa'i stobs rnams kyis stong ngo //	409a	de bzhin gshegs ba stobs rnams ni de bzhin gshegs ba stobs rnams kyis stong ngo 
BO_K02_D0008-4_H0009-4:409a-6	mi 'jigs pa rnams ni mi 'jigs pa rnams kyis stong ngo //	409a	mi jigs ba rnams ni mi jigs ba rnams kyis stong ngo 
BO_K02_D0008-4_H0009-4:409a-7	so so yang dag par rig pa rnams ni so so yang dag par rig pa rnams kyis stong ngo //	409a	so so yang dag ba rig ba rnams ni so so yang dag ba rig ba rnams kyis stong ngo 
BO_K02_D0008-4_H0009-4:409a-8	byams pa chen po ni byams pa chen pos stong ngo //	409a	byams ba chen po ni byams ba chen pos stong ngo 
BO_K02_D0008-4_H0009-4:409a-9	snying rje chen po ni snying rje chen pos stong ngo //	409a	snying rje chen po ni snying rje chen pos stong ngo 
BO_K02_D0008-4_H0009-4:409a-10	sangs rgyas kyi chos ma 'dres pa rnams ni sangs rgyas kyi chos ma 'dres pa rnams kyis stong ngo //	409a	sangs rgya kyi chos ma dre ba rnams ni sangs rgya kyi chos ma dre ba rnams kyis stong ngo 
BO_K02_D0008-4_H0009-4:409a-11	byang chub sems dpa' ni byang chub sems dpas stong ngo //	409a	byang chub sems dpa ni byang chub sems dpas stong ngo 
BO_K02_D0008-4_H0009-4:409a-12	koo shi ka /	409a	koo chi ka 
BO_K02_D0008-4_H0009-4:409a-13	de ltar na 'phags pa'i bden pa stong pa nyid dang / bsam gtan stong pa nyid dang / tshad med pa stong pa nyid dang / gzugs med pa'i snyoms par 'jug pa stong pa nyid dang / rnam par thar pa stong pa nyid dang / mthar gyis gnas pa'i snyoms par 'jug pa stong pa nyid dang /	409a	de ltar na phag ba bden ba stong ba nyid dang bsam gtan stong ba nyid dang tshad med ba stong ba nyid dang gzugs med ba snyom ba jug ba stong ba nyid dang rnam ba thar ba stong ba nyid dang mthar gyis gnas ba snyom ba jug ba stong ba nyid dang 
BO_K02_D0008-4_H0009-4:409b-0	rnam par thar pa'i sgo stong pa nyid dang / mtshan ma med pa dang / smon pa med pa stong pa nyid dang / mngon par shes pa stong pa nyid dang / @409b ting nge 'dzin stong pa nyid dang / gzungs kyi sgo stong pa nyid dang /	409b	rnam ba thar ba sgo stong ba nyid dang mtshan ma med ba dang smon ba med ba stong ba nyid dang mngon ba shes ba stong ba nyid dang ting nge dzin stong ba nyid dang gzungs kyi sgo stong ba nyid dang 
BO_K02_D0008-4_H0009-4:409b-1	de bzhin gshegs pa'i stobs stong pa nyid dang / mi 'jigs pa stong pa nyid dang / so so yang dag par rig pa stong pa nyid dang / byams pa chen po stong pa nyid dang / snying rje chen po stong pa nyid dang / sangs rgyas kyi chos ma 'dres pa stong pa nyid dang /	409b	de bzhin gshegs ba stobs stong ba nyid dang mi jigs ba stong ba nyid dang so so yang dag ba rig ba stong ba nyid dang byams ba chen po stong ba nyid dang snying rje chen po stong ba nyid dang sangs rgya kyi chos ma dre ba stong ba nyid dang 
BO_K02_D0008-4_H0009-4:409b-2	byang chub sems dpa' stong pa nyid de la gnyis su med cing gnyis su byar med do //	409b	byang chub sems dpa stong ba nyid de la gnyis su med cing gnyis su byar med do 
BO_K02_D0008-4_H0009-4:409b-3	koo shi ka /	409b	koo chi ka 
BO_K02_D0008-4_H0009-4:409b-4	byang chub sems dpa' sems dpa' chen pos shes rab kyi pha rol tu phyin pa la de ltar gnas par bya'o //	409b	byang chub sems dpa sems dpa chen pos shes rab kyi pha rol tu phyin ba la de ltar gnas ba byed 
BO_K02_D0008-4_H0009-4:409b-5	koo shi ka /	409b	koo chi ka 
BO_K02_D0008-4_H0009-4:409b-6	gzhan yang nyan thos kyi theg pa ni nyan thos kyi theg pas stong ngo //	409b	gzhan yang nyan thos kyi theg ba ni nyan thos kyi theg ba stong ngo 
BO_K02_D0008-4_H0009-4:409b-7	rang sangs rgyas kyi theg pa ni rang sangs rgyas kyi theg pas stong ngo //	409b	rang sangs rgya kyi theg ba ni rang sangs rgya kyi theg ba stong ngo 
BO_K02_D0008-4_H0009-4:409b-8	sangs rgyas kyi theg pa ni sangs rgyas kyi theg pas stong ngo //	409b	sangs rgya kyi theg ba ni sangs rgya kyi theg ba stong ngo 
BO_K02_D0008-4_H0009-4:409b-9	byang chub sems dpa' ni byang chub sems dpas stong ngo //	409b	byang chub sems dpa ni byang chub sems dpas stong ngo 
BO_K02_D0008-4_H0009-4:409b-10	koo shi ka /	409b	koo chi ka 
BO_K02_D0008-4_H0009-4:409b-11	de ltar na nyan thos kyi theg pa stong pa nyid dang / rang sangs rgyas kyi theg pa stong pa nyid dang / sangs rgyas kyi theg pa stong pa nyid dang / byang chub sems dpa' stong pa nyid de la gnyis su med cing gnyis su byar med do //	409b	de ltar na nyan thos kyi theg ba stong ba nyid dang rang sangs rgya kyi theg ba stong ba nyid dang sangs rgya kyi theg ba stong ba nyid dang byang chub sems dpa stong ba nyid de la gnyis su med cing gnyis su byar med do 
BO_K02_D0008-4_H0009-4:409b-12	koo shi ka /	409b	koo chi ka 
BO_K02_D0008-4_H0009-4:409b-13	byang chub sems dpa' sems dpa' chen pos /	409b	byang chub sems dpa sems dpa chen pos 
BO_K02_D0008-4_H0009-4:409b-14	shes rab kyi pha rol tu phyin pa la de ltar gnas par bya'o //	409b	shes rab kyi pha rol tu phyin ba la de ltar gnas ba byed 
BO_K02_D0008-4_H0009-4:409b-15	koo shi ka /	409b	koo chi ka 
BO_K02_D0008-4_H0009-4:409b-16	gzhan yang nyan thos ni nyan thos kyis stong ngo //	409b	gzhan yang nyan thos ni nyan thos kyis stong ngo 
BO_K02_D0008-4_H0009-4:409b-17	rang sangs rgyas ni rang sangs rgyas kyis stong ngo //	409b	rang sangs rgya ni rang sangs rgya kyis stong ngo 
BO_K02_D0008-4_H0009-4:409b-18	sangs rgyas ni sangs rgyas kyis stong ngo //	409b	sangs rgya ni sangs rgya kyis stong ngo 
BO_K02_D0008-4_H0009-4:409b-19	byang chub sems dpa' ni byang chub sems dpas stong ngo //	409b	byang chub sems dpa ni byang chub sems dpas stong ngo 
BO_K02_D0008-4_H0009-4:410a-0	@410a *// koo shi ka /	410a	koo chi ka 
BO_K02_D0008-4_H0009-4:410a-1	de ltar na nyan thos stong pa nyid dang / rang sangs rgyas stong pa nyid dang / sangs rgyas stong pa nyid dang / byang chub sems dpa' stong pa nyid de la gnyis su med cing gnyis su byar med do //	410a	de ltar na nyan thos stong ba nyid dang rang sangs rgya stong ba nyid dang sangs rgya stong ba nyid dang byang chub sems dpa stong ba nyid de la gnyis su med cing gnyis su byar med do 
BO_K02_D0008-4_H0009-4:410a-2	koo shi ka /	410a	koo chi ka 
BO_K02_D0008-4_H0009-4:410a-3	byang chub sems dpa' sems dpa' chen pos shes rab kyi pha rol tu phyin pa la de ltar gnas par bya'o //	410a	byang chub sems dpa sems dpa chen pos shes rab kyi pha rol tu phyin ba la de ltar gnas ba byed 
BO_K02_D0008-4_H0009-4:410a-4	koo shi ka /	410a	koo chi ka 
BO_K02_D0008-4_H0009-4:410a-5	gzhan yang rgyun du zhugs pa'i 'bras bu ni rgyun du zhugs pa'i 'bras bus stong ngo //	410a	gzhan yang rgyun du jug ba bras bu ni rgyun du jug ba bras bud stong ngo 
BO_K02_D0008-4_H0009-4:410a-6	len cig phyir 'ong ba'i 'bras bu ni lan cig phyir 'ong ba'i 'bras bus stong ngo //	410a	len cig phyir ng ba bras bu ni lan cig phyir ng ba bras bud stong ngo 
BO_K02_D0008-4_H0009-4:410a-7	phyir mi 'ong ba'i 'bras bu ni phyir mi 'ong ba'i 'bras bus stong ngo //	410a	phyir mi ng ba bras bu ni phyir mi ng ba bras bud stong ngo 
BO_K02_D0008-4_H0009-4:410a-8	dgra bcom pa nyid ni dgra bcom pa nyid kyis stong ngo //	410a	dgra joms ba nyid ni dgra joms ba nyid kyis stong ngo 
BO_K02_D0008-4_H0009-4:410a-9	rang byang chub ni rang byang chub kyis stong ngo //	410a	rang byang chub ni rang byang chub kyis stong ngo 
BO_K02_D0008-4_H0009-4:410a-10	lam gyi rnam pa shes pa nyid ni lam gyi rnam pa shes pa nyid kyis stong ngo //	410a	lam gyi rnam ba shes ba nyid ni lam gyi rnam ba shes ba nyid kyis stong ngo 
BO_K02_D0008-4_H0009-4:410a-11	rnam pa thams cad mkhyen pa nyid ni rnam pa thams cad mkhyen pa nyid kyis stong ngo //	410a	rnam ba thams cad mkhyen ba nyid ni rnam ba thams cad mkhyen ba nyid kyis stong ngo 
BO_K02_D0008-4_H0009-4:410a-12	byang chub sems dpa' ni byang chub sems dpas stong ngo //	410a	byang chub sems dpa ni byang chub sems dpas stong ngo 
BO_K02_D0008-4_H0009-4:410a-13	koo shi ka /	410a	koo chi ka 
BO_K02_D0008-4_H0009-4:410a-14	de ltar na rgyun du zhugs pa'i 'bras bu stong pa nyid dang / lan cig phyir 'ong ba'i 'bras bu stong pa nyid dang / phyir mi 'ong ba'i 'bras bu stong pa nyid dang / dgra bcom pa stong pa nyid dang / rang byang chub stong pa nyid dang /	410a	de ltar na rgyun du jug ba bras bu stong ba nyid dang lan cig phyir ng ba bras bu stong ba nyid dang phyir mi ng ba bras bu stong ba nyid dang dgra joms ba stong ba nyid dang rang byang chub stong ba nyid dang 
BO_K02_D0008-4_H0009-4:410b-0	lam gyi rnam pa shes pa nyid stong pa nyid dang / rnam pa thams cad mkhyen pa nyid stong pa nyid dang / byang chub sems dpa' stong pa nyid @410b de la gnyis su med cing gnyis su byar med do //	410b	lam gyi rnam ba shes ba nyid stong ba nyid dang rnam ba thams cad mkhyen ba nyid stong ba nyid dang byang chub sems dpa stong ba nyid de la gnyis su med cing gnyis su byar med do 
BO_K02_D0008-4_H0009-4:410b-1	koo shi ka /	410b	koo chi ka 
BO_K02_D0008-4_H0009-4:410b-2	byang chub sems dpa' sems dpa' chen pos shes rab kyi pha rol tu phyin pa la de ltar gnas par bya'o ////	410b	byang chub sems dpa sems dpa chen pos shes rab kyi pha rol tu phyin ba la de ltar gnas ba byed 
BO_K02_D0008-4_H0009-4:410b-3	shes rab kyi pha rol tu phyin pa stong phrag brgya pa //	410b	shes rab kyi pha rol tu phyin ba stong phrag brgya ba 
BO_K02_D0008-4_H0009-4:410b-4	bam po go brgyad pa //	410b	bam po go brgyad ba 
BO_K02_D0008-4_H0009-4:410b-5	de nas lha'i dbang po brgya byin gyis /	410b	de nas lha dbang po brgya byin gyis 
BO_K02_D0008-4_H0009-4:410b-6	gnas brtan rab 'byor la 'di skad ces smras so //	410b	gnas brtan rab byor la di skad ces smras so 
BO_K02_D0008-4_H0009-4:410b-7	btsun pa rab 'byor /	410b	btsun ba rab byor 
BO_K02_D0008-4_H0009-4:410b-8	ji ltar na byang chub sems dpa' sems dpa' chen pos shes rab kyi pha rol tu phyin pa la gnas par mi bya /	410b	ji ltar na byang chub sems dpa sems dpa chen pos shes rab kyi pha rol tu phyin ba la gnas ba mi byed 
BO_K02_D0008-4_H0009-4:410b-9	rab 'byor gyis smras pa /	410b	rab byor gyis smras ba 
BO_K02_D0008-4_H0009-4:410b-10	koo shi ka /	410b	koo chi ka 
BO_K02_D0008-4_H0009-4:410b-11	'di la byang chub sems dpa' sems dpa' chen pos shes rab kyi pha rol tu phyin pa la spyod pa'i tshe /	410b	di la byang chub sems dpa sems dpa chen pos shes rab kyi pha rol tu phyin ba la spyod ba tshe 
BO_K02_D0008-4_H0009-4:410b-12	dmigs pa'i tshul gyis gzugs la gnas par mi bya'o //	410b	dmigs ba tshul gyis gzugs la gnas ba mi byed 
BO_K02_D0008-4_H0009-4:410b-13	dmigs pa'i tshul gyis tshor ba la gnas par mi bya'o //	410b	dmigs ba tshul gyis tshor ba la gnas ba mi byed 
BO_K02_D0008-4_H0009-4:410b-14	dmigs pa'i tshul gyis 'du shes la gnas par mi bya'o //	410b	dmigs ba tshul gyis du shes la gnas ba mi byed 
BO_K02_D0008-4_H0009-4:410b-15	dmigs pa'i tshul gyis 'du byed la gnas par mi bya'o //	410b	dmigs ba tshul gyis du byed la gnas ba mi byed 
BO_K02_D0008-4_H0009-4:410b-16	dmigs pa'i tshul gyis rnam par shes pa la gnas par mi bya'o //	410b	dmigs ba tshul gyis rnam ba shes ba la gnas ba mi byed 
BO_K02_D0008-4_H0009-4:410b-17	dmigs pa'i tshul gyis mig la gnas par mi bya'o //	410b	dmigs ba tshul gyis mig la gnas ba mi byed 
BO_K02_D0008-4_H0009-4:410b-18	dmigs pa'i tshul gyis rna ba la gnas par mi bya'o //	410b	dmigs ba tshul gyis rna ba la gnas ba mi byed 
BO_K02_D0008-4_H0009-4:410b-19	dmigs pa'i tshul gyis sna la gnas par mi bya'o //	410b	dmigs ba tshul gyis sna la gnas ba mi byed 
BO_K02_D0008-4_H0009-4:410b-20	dmigs pa'i tshul gyis lce la gnas par mi bya'o //	410b	dmigs ba tshul gyis lce la gnas ba mi byed 
BO_K02_D0008-4_H0009-4:410b-21	dmigs pa'i tshul gyis lus la gnas par mi bya'o //	410b	dmigs ba tshul gyis lus la gnas ba mi byed 
BO_K02_D0008-4_H0009-4:410b-22	dmigs pa'i tshul gyis yid la gnas par mi bya'o //	410b	dmigs ba tshul gyis yid la gnas ba mi byed 
BO_K02_D0008-4_H0009-4:410b-23	dmigs pa'i tshul gyis gzugs la gnas par mi bya'o //	410b	dmigs ba tshul gyis gzugs la gnas ba mi byed 
BO_K02_D0008-4_H0009-4:411a-0	dmigs @411a *// pa'i tshul gyis sgra la gnas par mi bya'o //	411a	dmigs ba tshul gyis sgra la gnas ba mi byed 
BO_K02_D0008-4_H0009-4:411a-1	dmigs pa'i tshul gyis dri la gnas par mi bya'o //	411a	dmigs ba tshul gyis dri la gnas ba mi byed 
BO_K02_D0008-4_H0009-4:411a-2	dmigs pa'i tshul gyis ro la gnas par mi bya'o //	411a	dmigs ba tshul gyis ro la gnas ba mi byed 
BO_K02_D0008-4_H0009-4:411a-3	dmigs pa'i tshul gyis reg la gnas par mi bya'o //	411a	dmigs ba tshul gyis reg la gnas ba mi byed 
BO_K02_D0008-4_H0009-4:411a-4	dmigs pa'i tshul gyis chos la gnas par mi bya'o //	411a	dmigs ba tshul gyis chos la gnas ba mi byed 
BO_K02_D0008-4_H0009-4:411a-5	dmigs pa'i tshul gyis mig gi rnam par shes pa la gnas par mi bya'o //	411a	dmigs ba tshul gyis mig gi rnam ba shes ba la gnas ba mi byed 
BO_K02_D0008-4_H0009-4:411a-6	dmigs pa'i tshul gyis rna ba'i rnam par shes pa la gnas par mi bya'o //	411a	dmigs ba tshul gyis rna ba rnam ba shes ba la gnas ba mi byed 
BO_K02_D0008-4_H0009-4:411a-7	dmigs pa'i tshul gyis sna'i rnam par shes pa la gnas par mi bya'o //	411a	dmigs ba tshul gyis sna rnam ba shes ba la gnas ba mi byed 
BO_K02_D0008-4_H0009-4:411a-8	dmigs pa'i tshul gyis lce'i rnam par shes pa la gnas par mi bya'o //	411a	dmigs ba tshul gyis lce rnam ba shes ba la gnas ba mi byed 
BO_K02_D0008-4_H0009-4:411a-9	dmigs pa'i tshul gyis lus kyi rnam par shes pa la gnas par mi bya'o //	411a	dmigs ba tshul gyis lus kyi rnam ba shes ba la gnas ba mi byed 
BO_K02_D0008-4_H0009-4:411a-10	dmigs pa'i tshul gyis yid kyi rnam par shes pa la gnas par mi bya'o //	411a	dmigs ba tshul gyis yid kyi rnam ba shes ba la gnas ba mi byed 
BO_K02_D0008-4_H0009-4:411a-11	dmigs pa'i tshul gyis mig gi 'dus te reg pa la gnas par mi bya'o //	411a	dmigs ba tshul gyis mig gi du te reg ba la gnas ba mi byed 
BO_K02_D0008-4_H0009-4:411a-12	dmigs pa'i tshul gyis rna ba'i 'dus te reg pa la gnas par mi bya'o //	411a	dmigs ba tshul gyis rna ba du te reg ba la gnas ba mi byed 
BO_K02_D0008-4_H0009-4:411a-13	dmigs pa'i tshul gyis sna'i 'dus te reg pa la gnas par mi bya'o //	411a	dmigs ba tshul gyis sna du te reg ba la gnas ba mi byed 
BO_K02_D0008-4_H0009-4:411a-14	dmigs pa'i tshul gyis lce'i 'dus te reg pa la gnas par mi bya'o //	411a	dmigs ba tshul gyis lce du te reg ba la gnas ba mi byed 
BO_K02_D0008-4_H0009-4:411a-15	dmigs pa'i tshul gyis lus kyi 'dus te reg pa la gnas par mi bya'o //	411a	dmigs ba tshul gyis lus kyi du te reg ba la gnas ba mi byed 
BO_K02_D0008-4_H0009-4:411a-16	dmigs pa'i tshul gyis yid kyi 'dus te reg pa la gnas par mi bya'o //	411a	dmigs ba tshul gyis yid kyi du te reg ba la gnas ba mi byed 
BO_K02_D0008-4_H0009-4:411b-0	dmigs pa'i tshul gyis mig gi 'dus te reg pa las byung ba'i tshor ba @411b la gnas par mi bya'o //	411b	dmigs ba tshul gyis mig gi du te reg ba las byung ba tshor ba la gnas ba mi byed 
BO_K02_D0008-4_H0009-4:411b-1	dmigs pa'i tshul gyis rna ba'i 'dus te reg pa las byung ba'i tshor ba la gnas par mi bya'o //	411b	dmigs ba tshul gyis rna ba du te reg ba las byung ba tshor ba la gnas ba mi byed 
BO_K02_D0008-4_H0009-4:411b-2	dmigs pa'i tshul gyis sna'i 'dus te reg pa las byung ba'i tshor ba la gnas par mi bya'o //	411b	dmigs ba tshul gyis sna du te reg ba las byung ba tshor ba la gnas ba mi byed 
BO_K02_D0008-4_H0009-4:411b-3	dmigs pa'i tshul gyis lce'i 'dus te reg pa las byung ba'i tshor ba la gnas par mi bya'o //	411b	dmigs ba tshul gyis lce du te reg ba las byung ba tshor ba la gnas ba mi byed 
BO_K02_D0008-4_H0009-4:411b-4	dmigs pa'i tshul gyis lus kyi 'dus te reg pa las byung ba'i tshor ba la gnas par mi bya'o //	411b	dmigs ba tshul gyis lus kyi du te reg ba las byung ba tshor ba la gnas ba mi byed 
BO_K02_D0008-4_H0009-4:411b-5	dmigs pa'i tshul gyis yid kyi 'dus te reg pa las byung ba'i tshor ba la gnas par mi bya'o //	411b	dmigs ba tshul gyis yid kyi du te reg ba las byung ba tshor ba la gnas ba mi byed 
BO_K02_D0008-4_H0009-4:411b-6	dmigs pa'i tshul gyis sa'i khams la gnas par mi bya'o //	411b	dmigs ba tshul gyis sa khams la gnas ba mi byed 
BO_K02_D0008-4_H0009-4:411b-7	dmigs pa'i tshul gyis chu'i khams la gnas par mi bya'o //	411b	dmigs ba tshul gyis chu khams la gnas ba mi byed 
BO_K02_D0008-4_H0009-4:411b-8	dmigs pa'i tshul gyis me'i khams la gnas par mi bya'o //	411b	dmigs ba tshul gyis me khams la gnas ba mi byed 
BO_K02_D0008-4_H0009-4:411b-9	dmigs pa'i tshul gyis rlung gi khams la gnas par mi bya'o //	411b	dmigs ba tshul gyis rlung gi khams la gnas ba mi byed 
BO_K02_D0008-4_H0009-4:411b-10	dmigs pa'i tshul gyis nam mkha'i khams la gnas par mi bya'o //	411b	dmigs ba tshul gyis nam mkha khams la gnas ba mi byed 
BO_K02_D0008-4_H0009-4:411b-11	dmigs pa'i tshul gyis rnam par shes pa'i khams la gnas par mi bya'o //	411b	dmigs ba tshul gyis rnam ba shes ba khams la gnas ba mi byed 
BO_K02_D0008-4_H0009-4:411b-12	dmigs pa'i tshul gyis ma rig pa la gnas par mi bya'o //	411b	dmigs ba tshul gyis ma rig ba la gnas ba mi byed 
BO_K02_D0008-4_H0009-4:411b-13	dmigs pa'i tshul gyis 'du byed la gnas par mi bya'o //	411b	dmigs ba tshul gyis du byed la gnas ba mi byed 
BO_K02_D0008-4_H0009-4:411b-14	dmigs pa'i tshul gyis rnam par shes pa la gnas par mi bya'o //	411b	dmigs ba tshul gyis rnam ba shes ba la gnas ba mi byed 
BO_K02_D0008-4_H0009-4:411b-15	dmigs pa'i tshul gyis ming dang gzugs la gnas par mi bya'o //	411b	dmigs ba tshul gyis ming dang gzugs la gnas ba mi byed 
BO_K02_D0008-4_H0009-4:411b-16	dmigs pa'i tshul gyis skye mched drug la gnas par mi bya'o //	411b	dmigs ba tshul gyis skye mched drug la gnas ba mi byed 
BO_K02_D0008-4_H0009-4:411b-17	dmigs pa'i tshul gyis reg pa la gnas par mi bya'o //	411b	dmigs ba tshul gyis reg ba la gnas ba mi byed 
BO_K02_D0008-4_H0009-4:412a-0	dmigs pa'i tshul gyis tshor ba la gnas @412a *//	412a	dmigs ba tshul gyis tshor ba la gnas 
BO_K02_D0008-4_H0009-4:412a-1	par mi bya'o //	412a	ba mi byed 
BO_K02_D0008-4_H0009-4:412a-2	dmigs pa'i tshul gyis sred pa la gnas par mi bya'o //	412a	dmigs ba tshul gyis sred ba la gnas ba mi byed 
BO_K02_D0008-4_H0009-4:412a-3	dmigs pa'i tshul gyis len pa la gnas par mi bya'o //	412a	dmigs ba tshul gyis len ba la gnas ba mi byed 
BO_K02_D0008-4_H0009-4:412a-4	dmigs pa'i tshul gyis srid pa la gnas par mi bya'o //	412a	dmigs ba tshul gyis srid ba la gnas ba mi byed 
BO_K02_D0008-4_H0009-4:412a-5	dmigs pa'i tshul gyis skye ba la gnas par mi bya'o //	412a	dmigs ba tshul gyis skye ba la gnas ba mi byed 
BO_K02_D0008-4_H0009-4:412a-6	dmigs pa'i tshul gyis rga shi la gnas par mi bya'o //	412a	dmigs ba tshul gyis rga chi la gnas ba mi byed 
BO_K02_D0008-4_H0009-4:412a-7	dmigs pa'i tshul gyis sbyin pa'i pha rol tu phyin pa la gnas par mi bya'o //	412a	dmigs ba tshul gyis sbyin ba pha rol tu phyin ba la gnas ba mi byed 
BO_K02_D0008-4_H0009-4:412a-8	dmigs pa'i tshul gyis tshul khrims kyi pha rol tu phyin pa la gnas par mi bya'o //	412a	dmigs ba tshul gyis tshul khrims kyi pha rol tu phyin ba la gnas ba mi byed 
BO_K02_D0008-4_H0009-4:412a-9	dmigs pa'i tshul gyis bzod pa'i pha rol tu phyin pa la gnas par mi bya'o //	412a	dmigs ba tshul gyis bzod ba pha rol tu phyin ba la gnas ba mi byed 
BO_K02_D0008-4_H0009-4:412a-10	dmigs pa'i tshul gyis brtson 'grus kyi pha rol tu phyin pa la gnas par mi bya'o //	412a	dmigs ba tshul gyis brtson grus kyi pha rol tu phyin ba la gnas ba mi byed 
BO_K02_D0008-4_H0009-4:412a-11	dmigs pa'i tshul gyis bsam gtan gyi pha rol tu phyin pa la gnas par mi bya'o //	412a	dmigs ba tshul gyis bsam gtan gyi pha rol tu phyin ba la gnas ba mi byed 
BO_K02_D0008-4_H0009-4:412a-12	dmigs pa'i tshul gyis shes rab kyi pha rol tu phyin pa la gnas par mi bya'o //	412a	dmigs ba tshul gyis shes rab kyi pha rol tu phyin ba la gnas ba mi byed 
BO_K02_D0008-4_H0009-4:412a-13	dmigs pa'i tshul gyis nang stong pa nyid la gnas par mi bya'o //	412a	dmigs ba tshul gyis nang stong ba nyid la gnas ba mi byed 
BO_K02_D0008-4_H0009-4:412a-14	dmigs pa'i tshul gyis phyi stong pa nyid la gnas par mi bya'o //	412a	dmigs ba tshul gyis phyi stong ba nyid la gnas ba mi byed 
BO_K02_D0008-4_H0009-4:412a-15	dmigs pa'i tshul gyis phyi nang stong pa nyid la gnas par mi bya'o //	412a	dmigs ba tshul gyis phyi nang stong ba nyid la gnas ba mi byed 
BO_K02_D0008-4_H0009-4:412a-16	dmigs pa'i tshul gyis stong pa nyid stong pa nyid la gnas par mi bya'o //	412a	dmigs ba tshul gyis stong ba nyid stong ba nyid la gnas ba mi byed 
BO_K02_D0008-4_H0009-4:412a-17	dmigs pa'i tshul gyis chen po stong pa nyid la gnas par mi bya'o //	412a	dmigs ba tshul gyis chen po stong ba nyid la gnas ba mi byed 
BO_K02_D0008-4_H0009-4:412a-18	dmigs pa'i tshul gyis don dam pa stong pa nyid la gnas par mi bya'o //	412a	dmigs ba tshul gyis don dam ba stong ba nyid la gnas ba mi byed 
BO_K02_D0008-4_H0009-4:412b-0	dmigs pa'i tshul gyis 'dus byas stong pa nyid la gnas @412b par mi bya'o //	412b	dmigs ba tshul gyis du byed stong ba nyid la gnas ba mi byed 
BO_K02_D0008-4_H0009-4:412b-1	dmigs pa'i tshul gyis 'dus ma byas stong pa nyid la gnas par mi bya'o //	412b	dmigs ba tshul gyis du ma byed stong ba nyid la gnas ba mi byed 
BO_K02_D0008-4_H0009-4:412b-2	dmigs pa'i tshul gyis mtha' las 'das pa stong pa nyid la gnas par mi bya'o //	412b	dmigs ba tshul gyis mtha las da ba stong ba nyid la gnas ba mi byed 
BO_K02_D0008-4_H0009-4:412b-3	dmigs pa'i tshul gyis thog ma dang tha ma med pa stong pa nyid la gnas par mi bya'o //	412b	dmigs ba tshul gyis thogs ma dang tha ma med ba stong ba nyid la gnas ba mi byed 
BO_K02_D0008-4_H0009-4:412b-4	dmigs pa'i tshul gyis dor ba med pa stong pa nyid la gnas par mi bya'o //	412b	dmigs ba tshul gyis dor ba med ba stong ba nyid la gnas ba mi byed 
BO_K02_D0008-4_H0009-4:412b-5	dmigs pa'i tshul gyis rang bzhin stong pa nyid la gnas par mi bya'o //	412b	dmigs ba tshul gyis rang bzhin stong ba nyid la gnas ba mi byed 
BO_K02_D0008-4_H0009-4:412b-6	dmigs pa'i tshul gyis chos thams cad stong pa nyid la gnas par mi bya'o //	412b	dmigs ba tshul gyis chos thams cad stong ba nyid la gnas ba mi byed 
BO_K02_D0008-4_H0009-4:412b-7	dmigs pa'i tshul gyis rang gi mtshan nyid stong pa nyid la gnas par mi bya'o //	412b	dmigs ba tshul gyis rang gi mtshan nyid stong ba nyid la gnas ba mi byed 
BO_K02_D0008-4_H0009-4:412b-8	dmigs pa'i tshul gyis mi dmigs pa stong pa nyid la gnas par mi bya'o //	412b	dmigs ba tshul gyis mi dmigs ba stong ba nyid la gnas ba mi byed 
BO_K02_D0008-4_H0009-4:412b-9	dmigs pa'i tshul gyis dngos po med pa stong pa nyid la gnas par mi bya'o //	412b	dmigs ba tshul gyis dngos po med ba stong ba nyid la gnas ba mi byed 
BO_K02_D0008-4_H0009-4:412b-10	dmigs pa'i tshul gyis ngo bo nyid stong pa nyid la gnas par mi bya'o //	412b	dmigs ba tshul gyis ngo bo nyid stong ba nyid la gnas ba mi byed 
BO_K02_D0008-4_H0009-4:412b-11	dmigs pa'i tshul gyis dngos po med pa'i ngo bo nyid stong pa nyid la gnas par mi bya'o //	412b	dmigs ba tshul gyis dngos po med ba ngo bo nyid stong ba nyid la gnas ba mi byed 
BO_K02_D0008-4_H0009-4:412b-12	dmigs pa'i tshul gyis dran pa nye bar bzhag pa rnams la gnas par mi bya'o //	412b	dmigs ba tshul gyis dran ba nye ba jog ba rnams la gnas ba mi byed 
BO_K02_D0008-4_H0009-4:412b-13	dmigs pa'i tshul gyis yang dag par spong ba rnams la gnas par mi bya'o //	412b	dmigs ba tshul gyis yang dag ba spong ba rnams la gnas ba mi byed 
BO_K02_D0008-4_H0009-4:412b-14	dmigs pa'i tshul gyis rdzu 'phrul gyi rkang pa rnams la gnas par mi bya'o //	412b	dmigs ba tshul gyis rdzu phrul gyi rkang ba rnams la gnas ba mi byed 
BO_K02_D0008-4_H0009-4:412b-15	dmigs pa'i tshul gyis dbang po rnams la gnas par mi bya'o //	412b	dmigs ba tshul gyis dbang po rnams la gnas ba mi byed 
BO_K02_D0008-4_H0009-4:412b-16	dmigs pa'i tshul gyis stobs rnams la gnas par mi bya'o //	412b	dmigs ba tshul gyis stobs rnams la gnas ba mi byed 
BO_K02_D0008-4_H0009-4:413a-0	dmigs pa'i tshul gyis byang chub kyi yan lag rnams la gnas par @413a *//	413a	dmigs ba tshul gyis byang chub kyi yan lag rnams la gnas ba 
BO_K02_D0008-4_H0009-4:413a-1	mi bya'o // dmigs pa'i tshul gyis 'phags pa'i lam yan lag brgyad pa la gnas par mi bya'o //	413a	mi byed dmigs ba tshul gyis phag ba lam yan lag brgyad ba la gnas ba mi byed 
BO_K02_D0008-4_H0009-4:413a-2	dmigs pa'i tshul gyis 'phags pa'i bden pa rnams la gnas par mi bya'o //	413a	dmigs ba tshul gyis phag ba bden ba rnams la gnas ba mi byed 
BO_K02_D0008-4_H0009-4:413a-3	dmigs pa'i tshul gyis bsam gtan rnams la gnas par mi bya'o //	413a	dmigs ba tshul gyis bsam gtan rnams la gnas ba mi byed 
BO_K02_D0008-4_H0009-4:413a-4	dmigs pa'i tshul gyis tshad med pa rnams la gnas par mi bya'o //	413a	dmigs ba tshul gyis tshad med ba rnams la gnas ba mi byed 
BO_K02_D0008-4_H0009-4:413a-5	dmigs pa'i tshul gyis gzugs med pa'i snyoms par 'jug pa rnams la gnas par mi bya'o //	413a	dmigs ba tshul gyis gzugs med ba snyom ba jug ba rnams la gnas ba mi byed 
BO_K02_D0008-4_H0009-4:413a-6	dmigs pa'i tshul gyis rnam par thar pa rnams la gnas par mi bya'o //	413a	dmigs ba tshul gyis rnam ba thar ba rnams la gnas ba mi byed 
BO_K02_D0008-4_H0009-4:413a-7	dmigs pa'i tshul gyis mthar gyis gnas pa'i snyoms par 'jug pa rnams la gnas par mi bya'o //	413a	dmigs ba tshul gyis mthar gyis gnas ba snyom ba jug ba rnams la gnas ba mi byed 
BO_K02_D0008-4_H0009-4:413a-8	dmigs pa'i tshul gyis rnam par thar pa'i sgo stong pa nyid dang / mtshan ma med pa dang / smon pa med pa la gnas par mi bya'o //	413a	dmigs ba tshul gyis rnam ba thar ba sgo stong ba nyid dang mtshan ma med ba dang smon ba med ba la gnas ba mi byed 
BO_K02_D0008-4_H0009-4:413a-9	dmigs pa'i tshul gyis mngon par shes pa rnams la gnas par mi bya'o //	413a	dmigs ba tshul gyis mngon ba shes ba rnams la gnas ba mi byed 
BO_K02_D0008-4_H0009-4:413a-10	dmigs pa'i tshul gyis ting nge 'dzin rnams la gnas par mi bya'o //	413a	dmigs ba tshul gyis ting nge dzin rnams la gnas ba mi byed 
BO_K02_D0008-4_H0009-4:413a-11	dmigs pa'i tshul gyis gzungs kyi sgo rnams la gnas par mi bya'o //	413a	dmigs ba tshul gyis gzungs kyi sgo rnams la gnas ba mi byed 
BO_K02_D0008-4_H0009-4:413a-12	dmigs pa'i tshul gyis de bzhin gshegs pa'i stobs rnams la gnas par mi bya'o //	413a	dmigs ba tshul gyis de bzhin gshegs ba stobs rnams la gnas ba mi byed 
BO_K02_D0008-4_H0009-4:413a-13	dmigs pa'i tshul gyis mi 'jigs pa rnams la gnas par mi bya'o //	413a	dmigs ba tshul gyis mi jigs ba rnams la gnas ba mi byed 
BO_K02_D0008-4_H0009-4:413a-14	dmigs pa'i tshul gyis so so yang dag par rig pa rnams la gnas par mi bya'o //	413a	dmigs ba tshul gyis so so yang dag ba rig ba rnams la gnas ba mi byed 
BO_K02_D0008-4_H0009-4:413a-15	dmigs pa'i tshul gyis byams pa chen po rnams la gnas par mi bya'o //	413a	dmigs ba tshul gyis byams ba chen po rnams la gnas ba mi byed 
BO_K02_D0008-4_H0009-4:413b-0	dmigs pa'i tshul gyis snying rje chen @413b po la gnas par mi bya'o //	413b	dmigs ba tshul gyis snying rje chen po la gnas ba mi byed 
BO_K02_D0008-4_H0009-4:413b-1	dmigs pa'i tshul gyis sangs rgyas kyi chos ma 'dres pa rnams la gnas par mi bya'o //	413b	dmigs ba tshul gyis sangs rgya kyi chos ma dre ba rnams la gnas ba mi byed 
BO_K02_D0008-4_H0009-4:413b-2	dmigs pa'i tshul gyis nyan thos kyi theg pa la gnas par mi bya'o //	413b	dmigs ba tshul gyis nyan thos kyi theg ba la gnas ba mi byed 
BO_K02_D0008-4_H0009-4:413b-3	dmigs pa'i tshul gyis rang sangs rgyas kyi theg pa la gnas par mi bya'o //	413b	dmigs ba tshul gyis rang sangs rgya kyi theg ba la gnas ba mi byed 
BO_K02_D0008-4_H0009-4:413b-4	dmigs pa'i tshul gyis sangs rgyas kyi theg pa la gnas par mi bya'o //	413b	dmigs ba tshul gyis sangs rgya kyi theg ba la gnas ba mi byed 
BO_K02_D0008-4_H0009-4:413b-5	dmigs pa'i tshul gyis rgyun du zhugs pa'i 'bras bu la gnas par mi bya'o //	413b	dmigs ba tshul gyis rgyun du jug ba bras bu la gnas ba mi byed 
BO_K02_D0008-4_H0009-4:413b-6	dmigs pa'i tshul gyis lan cig phyir 'ong ba'i 'bras bu la gnas par mi bya'o //	413b	dmigs ba tshul gyis lan cig phyir ng ba bras bu la gnas ba mi byed 
BO_K02_D0008-4_H0009-4:413b-7	dmigs pa'i tshul gyis phyir mi 'ong ba'i 'bras bu la gnas par mi bya'o //	413b	dmigs ba tshul gyis phyir mi ng ba bras bu la gnas ba mi byed 
BO_K02_D0008-4_H0009-4:413b-8	dmigs pa'i tshul gyis dgra bcom pa nyid la gnas par mi bya'o //	413b	dmigs ba tshul gyis dgra joms ba nyid la gnas ba mi byed 
BO_K02_D0008-4_H0009-4:413b-9	dmigs pa'i tshul gyis rang sangs rgyas nyid la gnas par mi bya'o //	413b	dmigs ba tshul gyis rang sangs rgya nyid la gnas ba mi byed 
BO_K02_D0008-4_H0009-4:413b-10	dmigs pa'i tshul gyis sangs rgyas nyid la gnas par mi bya'o //	413b	dmigs ba tshul gyis sangs rgya nyid la gnas ba mi byed 
BO_K02_D0008-4_H0009-4:413b-11	dmigs pa'i tshul gyis thams cad shes pa nyid la gnas par mi bya'o //	413b	dmigs ba tshul gyis thams cad shes ba nyid la gnas ba mi byed 
BO_K02_D0008-4_H0009-4:413b-12	dmigs pa'i tshul gyis lam gyi rnam pa shes pa nyid la gnas par mi bya'o //	413b	dmigs ba tshul gyis lam gyi rnam ba shes ba nyid la gnas ba mi byed 
BO_K02_D0008-4_H0009-4:413b-13	dmigs pa'i tshul gyis rnam pa thams cad mkhyen pa nyid la gnas par mi bya'o //	413b	dmigs ba tshul gyis rnam ba thams cad mkhyen ba nyid la gnas ba mi byed 
BO_K02_D0008-4_H0009-4:413b-14	dmigs pa'i tshul gyis gzugs zhes bya bar gnas par mi bya'o //	413b	dmigs ba tshul gyis gzugs zhes byed ba gnas ba mi byed 
BO_K02_D0008-4_H0009-4:413b-15	dmigs pa'i tshul gyis tshor ba zhes bya bar gnas par mi bya'o //	413b	dmigs ba tshul gyis tshor ba zhes byed ba gnas ba mi byed 
BO_K02_D0008-4_H0009-4:413b-16	dmigs pa'i tshul gyis 'du shes zhes bya bar gnas par mi bya'o //	413b	dmigs ba tshul gyis du shes zhes byed ba gnas ba mi byed 
BO_K02_D0008-4_H0009-4:414a-0	dmigs pa'i tshul gyis 'du byed ces bya bar gnas par @414a *//	414a	dmigs ba tshul gyis du byed ces byed ba gnas ba 
BO_K02_D0008-4_H0009-4:414a-1	mi bya'o // dmigs pa'i tshul gyis rnam par shes pa zhes bya bar gnas par mi bya'o //	414a	mi byed dmigs ba tshul gyis rnam ba shes ba zhes byed ba gnas ba mi byed 
BO_K02_D0008-4_H0009-4:414a-2	dmigs pa'i tshul gyis mig ces bya bar gnas par mi bya'o //	414a	dmigs ba tshul gyis mig ces byed ba gnas ba mi byed 
BO_K02_D0008-4_H0009-4:414a-3	dmigs pa'i tshul gyis rna ba zhes bya bar gnas par mi bya'o //	414a	dmigs ba tshul gyis rna ba zhes byed ba gnas ba mi byed 
BO_K02_D0008-4_H0009-4:414a-4	dmigs pa'i tshul gyis sna zhes bya bar gnas par mi bya'o //	414a	dmigs ba tshul gyis sna zhes byed ba gnas ba mi byed 
BO_K02_D0008-4_H0009-4:414a-5	dmigs pa'i tshul gyis lce zhes bya bar gnas par mi bya'o //	414a	dmigs ba tshul gyis lce zhes byed ba gnas ba mi byed 
BO_K02_D0008-4_H0009-4:414a-6	dmigs pa'i tshul gyis lus zhes bya bar gnas par mi bya'o //	414a	dmigs ba tshul gyis lus zhes byed ba gnas ba mi byed 
BO_K02_D0008-4_H0009-4:414a-7	dmigs pa'i tshul gyis yid ces bya bar gnas par mi bya'o //	414a	dmigs ba tshul gyis yid ces byed ba gnas ba mi byed 
BO_K02_D0008-4_H0009-4:414a-8	dmigs pa'i tshul gyis gzugs zhes bya bar gnas par mi bya'o //	414a	dmigs ba tshul gyis gzugs zhes byed ba gnas ba mi byed 
BO_K02_D0008-4_H0009-4:414a-9	dmigs pa'i tshul gyis sgra zhes bya bar gnas par mi bya'o //	414a	dmigs ba tshul gyis sgra zhes byed ba gnas ba mi byed 
BO_K02_D0008-4_H0009-4:414a-10	dmigs pa'i tshul gyis dri zhes bya bar gnas par mi bya'o //	414a	dmigs ba tshul gyis dri zhes byed ba gnas ba mi byed 
BO_K02_D0008-4_H0009-4:414a-11	dmigs pa'i tshul gyis ro zhes bya bar gnas par mi bya'o //	414a	dmigs ba tshul gyis ro zhes byed ba gnas ba mi byed 
BO_K02_D0008-4_H0009-4:414a-12	dmigs pa'i tshul gyis reg ces bya bar gnas par mi bya'o //	414a	dmigs ba tshul gyis reg ces byed ba gnas ba mi byed 
BO_K02_D0008-4_H0009-4:414a-13	dmigs pa'i tshul gyis chos zhes bya bar gnas par mi bya'o //	414a	dmigs ba tshul gyis chos zhes byed ba gnas ba mi byed 
BO_K02_D0008-4_H0009-4:414a-14	dmigs pa'i tshul gyis mig gi rnam par shes pa zhes bya bar gnas par mi bya'o //	414a	dmigs ba tshul gyis mig gi rnam ba shes ba zhes byed ba gnas ba mi byed 
BO_K02_D0008-4_H0009-4:414a-15	dmigs pa'i tshul gyis rna ba'i rnam par shes pa zhes bya bar gnas par mi bya'o //	414a	dmigs ba tshul gyis rna ba rnam ba shes ba zhes byed ba gnas ba mi byed 
BO_K02_D0008-4_H0009-4:414a-16	dmigs pa'i tshul gyis sna'i rnam par shes pa zhes bya bar gnas par mi bya'o //	414a	dmigs ba tshul gyis sna rnam ba shes ba zhes byed ba gnas ba mi byed 
BO_K02_D0008-4_H0009-4:414a-17	dmigs pa'i tshul gyis lce'i rnam par shes pa zhes bya bar gnas par mi bya'o //	414a	dmigs ba tshul gyis lce rnam ba shes ba zhes byed ba gnas ba mi byed 
BO_K02_D0008-4_H0009-4:414b-0	dmigs pa'i tshul gyis lus kyi rnam par shes pa zhes bya bar @414b gnas par mi bya'o //	414b	dmigs ba tshul gyis lus kyi rnam ba shes ba zhes byed ba gnas ba mi byed 
BO_K02_D0008-4_H0009-4:414b-1	dmigs pa'i tshul gyis yid kyi rnam par shes pa zhes bya bar gnas par mi bya'o //	414b	dmigs ba tshul gyis yid kyi rnam ba shes ba zhes byed ba gnas ba mi byed 
BO_K02_D0008-4_H0009-4:414b-2	dmigs pa'i tshul gyis mig gi 'dus te reg pa zhes bya bar gnas par mi bya'o //	414b	dmigs ba tshul gyis mig gi du te reg ba zhes byed ba gnas ba mi byed 
BO_K02_D0008-4_H0009-4:414b-3	dmigs pa'i tshul gyis rna ba'i 'dus te reg pa zhes bya bar gnas par mi bya'o //	414b	dmigs ba tshul gyis rna ba du te reg ba zhes byed ba gnas ba mi byed 
BO_K02_D0008-4_H0009-4:414b-4	dmigs pa'i tshul gyis sna'i 'dus te reg pa zhes bya bar gnas par mi bya'o //	414b	dmigs ba tshul gyis sna du te reg ba zhes byed ba gnas ba mi byed 
BO_K02_D0008-4_H0009-4:414b-5	dmigs pa'i tshul gyis lce'i 'dus te reg pa zhes bya bar gnas par mi bya'o //	414b	dmigs ba tshul gyis lce du te reg ba zhes byed ba gnas ba mi byed 
BO_K02_D0008-4_H0009-4:414b-6	dmigs pa'i tshul gyis lus kyi 'dus te reg pa zhes bya bar gnas par mi bya'o //	414b	dmigs ba tshul gyis lus kyi du te reg ba zhes byed ba gnas ba mi byed 
BO_K02_D0008-4_H0009-4:414b-7	dmigs pa'i tshul gyis yid kyi 'dus te reg pa zhes bya bar gnas par mi bya'o //	414b	dmigs ba tshul gyis yid kyi du te reg ba zhes byed ba gnas ba mi byed 
BO_K02_D0008-4_H0009-4:414b-8	dmigs pa'i tshul gyis mig gi 'dus te reg pa'i rkyen gyis tshor ba zhes bya bar gnas par mi bya'o //	414b	dmigs ba tshul gyis mig gi du te reg ba rkyen gyis tshor ba zhes byed ba gnas ba mi byed 
BO_K02_D0008-4_H0009-4:414b-9	dmigs pa'i tshul gyis rna ba'i 'dus te reg pa'i rkyen gyis tshor ba zhes bya bar gnas par mi bya'o //	414b	dmigs ba tshul gyis rna ba du te reg ba rkyen gyis tshor ba zhes byed ba gnas ba mi byed 
BO_K02_D0008-4_H0009-4:414b-10	dmigs pa'i tshul gyis sna'i 'dus te reg pa'i rkyen gyis tshor ba zhes bya bar gnas par mi bya'o //	414b	dmigs ba tshul gyis sna du te reg ba rkyen gyis tshor ba zhes byed ba gnas ba mi byed 
BO_K02_D0008-4_H0009-4:414b-11	dmigs pa'i tshul gyis lce'i 'dus te reg pa'i rkyen gyis tshor ba zhes bya bar gnas par mi bya'o //	414b	dmigs ba tshul gyis lce du te reg ba rkyen gyis tshor ba zhes byed ba gnas ba mi byed 
BO_K02_D0008-4_H0009-4:414b-12	dmigs pa'i tshul gyis lus kyi 'dus te reg pa'i rkyen gyis tshor ba zhes bya bar gnas par mi bya'o //	414b	dmigs ba tshul gyis lus kyi du te reg ba rkyen gyis tshor ba zhes byed ba gnas ba mi byed 
BO_K02_D0008-4_H0009-4:414b-13	dmigs pa'i tshul gyis yid kyi 'dus te reg pa'i rkyen gyis tshor ba zhes bya bar gnas par mi bya'o //	414b	dmigs ba tshul gyis yid kyi du te reg ba rkyen gyis tshor ba zhes byed ba gnas ba mi byed 
BO_K02_D0008-4_H0009-4:414b-14	dmigs pa'i tshul gyis sa'i khams zhes bya bar gnas par mi bya'o //	414b	dmigs ba tshul gyis sa khams zhes byed ba gnas ba mi byed 
BO_K02_D0008-4_H0009-4:415a-0	@415a *// dmigs pa'i tshul gyis chu'i khams zhes bya bar gnas par mi bya'o //	415a	dmigs ba tshul gyis chu khams zhes byed ba gnas ba mi byed 
BO_K02_D0008-4_H0009-4:415a-1	dmigs pa'i tshul gyis me'i khams zhes bya bar gnas par mi bya'o //	415a	dmigs ba tshul gyis me khams zhes byed ba gnas ba mi byed 
BO_K02_D0008-4_H0009-4:415a-2	dmigs pa'i tshul gyis rlung gi khams zhes bya bar gnas par mi bya'o //	415a	dmigs ba tshul gyis rlung gi khams zhes byed ba gnas ba mi byed 
BO_K02_D0008-4_H0009-4:415a-3	dmigs pa'i tshul gyis nam mkha'i khams zhes bya bar gnas par mi bya'o //	415a	dmigs ba tshul gyis nam mkha khams zhes byed ba gnas ba mi byed 
BO_K02_D0008-4_H0009-4:415a-4	dmigs pa'i tshul gyis rnam par shes pa'i khams zhes bya bar gnas par mi bya'o //	415a	dmigs ba tshul gyis rnam ba shes ba khams zhes byed ba gnas ba mi byed 
BO_K02_D0008-4_H0009-4:415a-5	dmigs pa'i tshul gyis ma rig pa zhes bya bar gnas par mi bya'o //	415a	dmigs ba tshul gyis ma rig ba zhes byed ba gnas ba mi byed 
BO_K02_D0008-4_H0009-4:415a-6	dmigs pa'i tshul gyis 'du byed ces bya bar gnas par mi bya'o //	415a	dmigs ba tshul gyis du byed ces byed ba gnas ba mi byed 
BO_K02_D0008-4_H0009-4:415a-7	dmigs pa'i tshul gyis rnam par shes pa zhes bya bar gnas par mi bya'o //	415a	dmigs ba tshul gyis rnam ba shes ba zhes byed ba gnas ba mi byed 
BO_K02_D0008-4_H0009-4:415a-8	dmigs pa'i tshul gyis ming dang gzugs zhes bya bar gnas par mi bya'o //	415a	dmigs ba tshul gyis ming dang gzugs zhes byed ba gnas ba mi byed 
BO_K02_D0008-4_H0009-4:415a-9	dmigs pa'i tshul gyis skye mched drug ces bya par gnas par mi bya'o //	415a	dmigs ba tshul gyis skye mched drug ces byed ba gnas ba mi byed 
BO_K02_D0008-4_H0009-4:415a-10	dmigs pa'i tshul gyis reg pa zhes bya bar gnas par mi bya'o //	415a	dmigs ba tshul gyis reg ba zhes byed ba gnas ba mi byed 
BO_K02_D0008-4_H0009-4:415a-11	dmigs pa'i tshul gyis tshor ba zhes bya bar gnas par mi bya'o //	415a	dmigs ba tshul gyis tshor ba zhes byed ba gnas ba mi byed 
BO_K02_D0008-4_H0009-4:415a-12	dmigs pa'i tshul gyis sred pa zhes bya bar gnas par mi bya'o //	415a	dmigs ba tshul gyis sred ba zhes byed ba gnas ba mi byed 
BO_K02_D0008-4_H0009-4:415a-13	dmigs pa'i tshul gyis len pa zhes bya bar gnas par mi bya'o //	415a	dmigs ba tshul gyis len ba zhes byed ba gnas ba mi byed 
BO_K02_D0008-4_H0009-4:415a-14	dmigs pa'i tshul gyis srid pa zhes bya bar gnas par mi bya'o //	415a	dmigs ba tshul gyis srid ba zhes byed ba gnas ba mi byed 
BO_K02_D0008-4_H0009-4:415a-15	dmigs pa'i tshul gyis skye ba zhes bya bar gnas par mi bya'o //	415a	dmigs ba tshul gyis skye ba zhes byed ba gnas ba mi byed 
BO_K02_D0008-4_H0009-4:415a-16	dmigs pa'i tshul gyis rga shi zhes bya bar gnas par mi bya'o //	415a	dmigs ba tshul gyis rga chi zhes byed ba gnas ba mi byed 
BO_K02_D0008-4_H0009-4:415b-0	dmigs pa'i @415b tshul gyis sbyin pa'i pha rol tu phyin pa zhes bya bar gnas par mi bya'o //	415b	dmigs ba tshul gyis sbyin ba pha rol tu phyin ba zhes byed ba gnas ba mi byed 
BO_K02_D0008-4_H0009-4:415b-1	dmigs pa'i tshul gyis tshul khrims kyi pha rol tu phyin pa zhes bya bar gnas par mi bya'o //	415b	dmigs ba tshul gyis tshul khrims kyi pha rol tu phyin ba zhes byed ba gnas ba mi byed 
BO_K02_D0008-4_H0009-4:415b-2	dmigs pa'i tshul gyis bzod pa'i pha rol tu phyin pa zhes bya bar gnas par mi bya'o //	415b	dmigs ba tshul gyis bzod ba pha rol tu phyin ba zhes byed ba gnas ba mi byed 
BO_K02_D0008-4_H0009-4:415b-3	dmigs pa'i tshul gyis brtson 'grus kyi pha rol tu phyin pa zhes bya bar gnas par mi bya'o //	415b	dmigs ba tshul gyis brtson grus kyi pha rol tu phyin ba zhes byed ba gnas ba mi byed 
BO_K02_D0008-4_H0009-4:415b-4	dmigs pa'i tshul gyis bsam gtan gyi pha rol tu phyin pa zhes bya bar gnas par mi bya'o //	415b	dmigs ba tshul gyis bsam gtan gyi pha rol tu phyin ba zhes byed ba gnas ba mi byed 
BO_K02_D0008-4_H0009-4:415b-5	dmigs pa'i tshul gyis shes rab kyi pha rol tu phyin pa zhes bya bar gnas par mi bya'o //	415b	dmigs ba tshul gyis shes rab kyi pha rol tu phyin ba zhes byed ba gnas ba mi byed 
BO_K02_D0008-4_H0009-4:415b-6	dmigs pa'i tshul gyis nang stong pa nyid ces bya bar gnas par mi bya'o //	415b	dmigs ba tshul gyis nang stong ba nyid ces byed ba gnas ba mi byed 
BO_K02_D0008-4_H0009-4:415b-7	dmigs pa'i tshul gyis phyi stong pa nyid ces bya bar gnas par mi bya'o //	415b	dmigs ba tshul gyis phyi stong ba nyid ces byed ba gnas ba mi byed 
BO_K02_D0008-4_H0009-4:415b-8	dmigs pa'i tshul gyis phyi nang stong pa nyid ces bya bar gnas par mi bya'o //	415b	dmigs ba tshul gyis phyi nang stong ba nyid ces byed ba gnas ba mi byed 
BO_K02_D0008-4_H0009-4:415b-9	dmigs pa'i tshul gyis stong pa nyid stong pa nyid ces bya bar gnas par mi bya'o //	415b	dmigs ba tshul gyis stong ba nyid stong ba nyid ces byed ba gnas ba mi byed 
BO_K02_D0008-4_H0009-4:415b-10	dmigs pa'i tshul gyis chen po stong pa nyid ces bya bar gnas par mi bya'o //	415b	dmigs ba tshul gyis chen po stong ba nyid ces byed ba gnas ba mi byed 
BO_K02_D0008-4_H0009-4:415b-11	dmigs pa'i tshul gyis don dam pa stong pa nyid ces bya bar gnas par mi bya'o //	415b	dmigs ba tshul gyis don dam ba stong ba nyid ces byed ba gnas ba mi byed 
BO_K02_D0008-4_H0009-4:415b-12	dmigs pa'i tshul gyis 'dus byas stong pa nyid ces bya bar gnas par mi bya'o //	415b	dmigs ba tshul gyis du byed stong ba nyid ces byed ba gnas ba mi byed 
BO_K02_D0008-4_H0009-4:415b-13	dmigs pa'i tshul gyis 'dus ma byas stong pa nyid ces bya bar gnas par mi bya'o //	415b	dmigs ba tshul gyis du ma byed stong ba nyid ces byed ba gnas ba mi byed 
BO_K02_D0008-4_H0009-4:415b-14	dmigs pa'i tshul gyis mtha' las 'das pa stong pa nyid ces bya bar gnas par mi bya'o //	415b	dmigs ba tshul gyis mtha las da ba stong ba nyid ces byed ba gnas ba mi byed 
BO_K02_D0008-4_H0009-4:416a-0	dmigs pa'i tshul gyis thog ma dang tha ma med pa stong pa nyid ces bya @416a *//	416a	dmigs ba tshul gyis thogs ma dang tha ma med ba stong ba nyid ces byed 
BO_K02_D0008-4_H0009-4:416a-1	bar gnas par mi bya'o //	416a	ba gnas ba mi byed 
BO_K02_D0008-4_H0009-4:416a-2	dmigs pa'i tshul gyis dor ba med pa stong pa nyid ces bya bar gnas par mi bya'o //	416a	dmigs ba tshul gyis dor ba med ba stong ba nyid ces byed ba gnas ba mi byed 
BO_K02_D0008-4_H0009-4:416a-3	dmigs pa'i tshul gyis rang bzhin stong pa nyid ces bya bar gnas par mi bya'o //	416a	dmigs ba tshul gyis rang bzhin stong ba nyid ces byed ba gnas ba mi byed 
BO_K02_D0008-4_H0009-4:416a-4	dmigs pa'i tshul gyis chos thams cad stong pa nyid ces bya bar gnas par mi bya'o //	416a	dmigs ba tshul gyis chos thams cad stong ba nyid ces byed ba gnas ba mi byed 
BO_K02_D0008-4_H0009-4:416a-5	dmigs pa'i tshul gyis rang gi mtshan nyid stong pa nyid ces bya bar gnas par mi bya'o //	416a	dmigs ba tshul gyis rang gi mtshan nyid stong ba nyid ces byed ba gnas ba mi byed 
BO_K02_D0008-4_H0009-4:416a-6	dmigs pa'i tshul gyis mi dmigs pa stong pa nyid ces bya bar gnas par mi bya'o //	416a	dmigs ba tshul gyis mi dmigs ba stong ba nyid ces byed ba gnas ba mi byed 
BO_K02_D0008-4_H0009-4:416a-7	dmigs pa'i tshul gyis dngos po med pa stong pa nyid ces bya bar gnas par mi bya'o //	416a	dmigs ba tshul gyis dngos po med ba stong ba nyid ces byed ba gnas ba mi byed 
BO_K02_D0008-4_H0009-4:416a-8	dmigs pa'i tshul gyis ngo bo nyid stong pa nyid ces bya bar gnas par mi bya'o //	416a	dmigs ba tshul gyis ngo bo nyid stong ba nyid ces byed ba gnas ba mi byed 
BO_K02_D0008-4_H0009-4:416a-9	dmigs pa'i tshul gyis dngos po med pa'i ngo bo nyid stong pa nyid ces bya bar gnas par mi bya'o //	416a	dmigs ba tshul gyis dngos po med ba ngo bo nyid stong ba nyid ces byed ba gnas ba mi byed 
BO_K02_D0008-4_H0009-4:416a-10	dmigs pa'i tshul gyis dran pa nye bar bzhag pa rnams zhes bya bar gnas par mi bya'o //	416a	dmigs ba tshul gyis dran ba nye ba jog ba rnams zhes byed ba gnas ba mi byed 
BO_K02_D0008-4_H0009-4:416a-11	dmigs pa'i tshul gyis yang dag par spong ba rnams zhes bya bar gnas par mi bya'o //	416a	dmigs ba tshul gyis yang dag ba spong ba rnams zhes byed ba gnas ba mi byed 
BO_K02_D0008-4_H0009-4:416a-12	dmigs pa'i tshul gyis rdzu 'phrul gyi rkang pa rnams zhes bya bar gnas par mi bya'o //	416a	dmigs ba tshul gyis rdzu phrul gyi rkang ba rnams zhes byed ba gnas ba mi byed 
BO_K02_D0008-4_H0009-4:416a-13	dmigs pa'i tshul gyis dbang po rnams zhes bya bar gnas par mi bya'o //	416a	dmigs ba tshul gyis dbang po rnams zhes byed ba gnas ba mi byed 
BO_K02_D0008-4_H0009-4:416a-14	dmigs pa'i tshul gyis stobs rnams zhes bya bar gnas par mi bya'o //	416a	dmigs ba tshul gyis stobs rnams zhes byed ba gnas ba mi byed 
BO_K02_D0008-4_H0009-4:416a-15	dmigs pa'i tshul gyis byang chub kyi yan lag rnams zhes bya bar gnas par mi bya'o //	416a	dmigs ba tshul gyis byang chub kyi yan lag rnams zhes byed ba gnas ba mi byed 
BO_K02_D0008-4_H0009-4:416b-0	dmigs @416b pa'i tshul gyis 'phags pa'i lam yan lag brgyad pa zhes bya bar gnas par mi bya'o //	416b	dmigs ba tshul gyis phag ba lam yan lag brgyad ba zhes byed ba gnas ba mi byed 
BO_K02_D0008-4_H0009-4:416b-1	dmigs pa'i tshul gyis 'phags pa'i bden pa rnams zhes bya bar gnas par mi bya'o //	416b	dmigs ba tshul gyis phag ba bden ba rnams zhes byed ba gnas ba mi byed 
BO_K02_D0008-4_H0009-4:416b-2	dmigs pa'i tshul gyis bsam gtan rnams zhes bya bar gnas par mi bya'o //	416b	dmigs ba tshul gyis bsam gtan rnams zhes byed ba gnas ba mi byed 
BO_K02_D0008-4_H0009-4:416b-3	dmigs pa'i tshul gyis tshad med pa rnams zhes bya bar gnas par mi bya'o //	416b	dmigs ba tshul gyis tshad med ba rnams zhes byed ba gnas ba mi byed 
BO_K02_D0008-4_H0009-4:416b-4	dmigs pa'i tshul gyis gzugs med pa'i snyoms par 'jug pa rnams zhes bya bar gnas par mi bya'o //	416b	dmigs ba tshul gyis gzugs med ba snyom ba jug ba rnams zhes byed ba gnas ba mi byed 
BO_K02_D0008-4_H0009-4:416b-5	dmigs pa'i tshul gyis rnam par thar pa rnams zhes bya bar gnas par mi bya'o //	416b	dmigs ba tshul gyis rnam ba thar ba rnams zhes byed ba gnas ba mi byed 
BO_K02_D0008-4_H0009-4:416b-6	dmigs pa'i tshul gyis mthar gyis gnas pa'i snyoms par 'jug pa rnams zhes bya bar gnas par mi bya'o //	416b	dmigs ba tshul gyis mthar gyis gnas ba snyom ba jug ba rnams zhes byed ba gnas ba mi byed 
BO_K02_D0008-4_H0009-4:416b-7	dmigs pa'i tshul gyis rnam par thar pa'i sgo stong pa nyid dang / mtshan ma med pa dang / smon pa med pa zhes bya bar gnas par mi bya'o //	416b	dmigs ba tshul gyis rnam ba thar ba sgo stong ba nyid dang mtshan ma med ba dang smon ba med ba zhes byed ba gnas ba mi byed 
BO_K02_D0008-4_H0009-4:416b-8	dmigs pa'i tshul gyis mngon par shes pa rnams zhes bya bar gnas par mi bya'o //	416b	dmigs ba tshul gyis mngon ba shes ba rnams zhes byed ba gnas ba mi byed 
BO_K02_D0008-4_H0009-4:416b-9	dmigs pa'i tshul gyis ting nge 'dzin rnams zhes bya bar gnas par mi bya'o //	416b	dmigs ba tshul gyis ting nge dzin rnams zhes byed ba gnas ba mi byed 
BO_K02_D0008-4_H0009-4:416b-10	dmigs pa'i tshul gyis gzungs kyi sgo rnams zhes bya bar gnas par mi bya'o //	416b	dmigs ba tshul gyis gzungs kyi sgo rnams zhes byed ba gnas ba mi byed 
BO_K02_D0008-4_H0009-4:416b-11	dmigs pa'i tshul gyis de bzhin gshegs pa'i stobs rnams zhes bya bar gnas par mi bya'o //	416b	dmigs ba tshul gyis de bzhin gshegs ba stobs rnams zhes byed ba gnas ba mi byed 
BO_K02_D0008-4_H0009-4:416b-12	dmigs pa'i tshul gyis mi 'jigs pa rnams zhes bya bar gnas par mi bya'o //	416b	dmigs ba tshul gyis mi jigs ba rnams zhes byed ba gnas ba mi byed 
BO_K02_D0008-4_H0009-4:416b-13	dmigs pa'i tshul gyis so so yang dag par rig pa rnams zhes bya bar gnas par mi bya'o //	416b	dmigs ba tshul gyis so so yang dag ba rig ba rnams zhes byed ba gnas ba mi byed 
BO_K02_D0008-4_H0009-4:417a-0	dmigs @417a *// pa'i tshul gyis byams pa chen po zhes bya bar gnas par mi bya'o //	417a	dmigs ba tshul gyis byams ba chen po zhes byed ba gnas ba mi byed 
BO_K02_D0008-4_H0009-4:417a-1	dmigs pa'i tshul gyis snying rje chen po zhes bya bar gnas par mi bya'o //	417a	dmigs ba tshul gyis snying rje chen po zhes byed ba gnas ba mi byed 
BO_K02_D0008-4_H0009-4:417a-2	dmigs pa'i tshul gyis sangs rgyas kyi chos ma 'dres pa rnams zhes bya bar gnas par mi bya'o //	417a	dmigs ba tshul gyis sangs rgya kyi chos ma dre ba rnams zhes byed ba gnas ba mi byed 
BO_K02_D0008-4_H0009-4:417a-3	dmigs pa'i tshul gyis rgyun du zhugs pa'i 'bras bu zhes bya bar gnas par mi bya'o //	417a	dmigs ba tshul gyis rgyun du jug ba bras bu zhes byed ba gnas ba mi byed 
BO_K02_D0008-4_H0009-4:417a-4	dmigs pa'i tshul gyis lan cig phyir 'ong ba'i 'bras bu zhes bya bar gnas par mi bya'o //	417a	dmigs ba tshul gyis lan cig phyir ng ba bras bu zhes byed ba gnas ba mi byed 
BO_K02_D0008-4_H0009-4:417a-5	dmigs pa'i tshul gyis phyir mi 'ong ba'i 'bras bu zhes bya bar gnas par mi bya'o //	417a	dmigs ba tshul gyis phyir mi ng ba bras bu zhes byed ba gnas ba mi byed 
BO_K02_D0008-4_H0009-4:417a-6	dmigs pa'i tshul gyis dgra bcom pa nyid ces bya bar gnas par mi bya'o //	417a	dmigs ba tshul gyis dgra joms ba nyid ces byed ba gnas ba mi byed 
BO_K02_D0008-4_H0009-4:417a-7	dmigs pa'i tshul gyis rang byang chub ces bya bar gnas par mi bya'o //	417a	dmigs ba tshul gyis rang byang chub ces byed ba gnas ba mi byed 
BO_K02_D0008-4_H0009-4:417a-8	dmigs pa'i tshul gyis lam gyi rnam pa shes pa nyid ces bya bar gnas par mi bya'o //	417a	dmigs ba tshul gyis lam gyi rnam ba shes ba nyid ces byed ba gnas ba mi byed 
BO_K02_D0008-4_H0009-4:417a-9	dmigs pa'i tshul gyis rnam pa thams cad mkhyen pa nyid ces bya bar gnas par mi bya'o //	417a	dmigs ba tshul gyis rnam ba thams cad mkhyen ba nyid ces byed ba gnas ba mi byed 
BO_K02_D0008-4_H0009-4:417a-10	dmigs pa'i tshul gyis gzugs rtag ces bya ba dang / mi rtag ces bya bar gnas par mi bya'o //	417a	dmigs ba tshul gyis gzugs rtag ces byed ba dang mi rtag ces byed ba gnas ba mi byed 
BO_K02_D0008-4_H0009-4:417a-11	dmigs pa'i tshul gyis gzugs bde zhes bya ba dang / sdug bsngal zhes bya bar gnas par mi bya'o //	417a	dmigs ba tshul gyis gzugs bde zhes byed ba dang sdug sngal zhes byed ba gnas ba mi byed 
BO_K02_D0008-4_H0009-4:417a-12	dmigs pa'i tshul gyis gzugs bdag ces bya ba dang / bdag med ces bya bar gnas par mi bya'o //	417a	dmigs ba tshul gyis gzugs bdag ces byed ba dang bdag med ces byed ba gnas ba mi byed 
BO_K02_D0008-4_H0009-4:417a-13	dmigs pa'i tshul gyis gzugs sdug ces bya ba dang / mi sdug ces bya bar gnas par mi bya'o //	417a	dmigs ba tshul gyis gzugs sdug ces byed ba dang mi sdug ces byed ba gnas ba mi byed 
BO_K02_D0008-4_H0009-4:417b-0	@417b dmigs pa'i tshul gyis gzugs zhi zhes bya ba dang / ma zhi zhes bya bar gnas par mi bya'o //	417b	dmigs ba tshul gyis gzugs zhi zhes byed ba dang ma zhi zhes byed ba gnas ba mi byed 
BO_K02_D0008-4_H0009-4:417b-1	dmigs pa'i tshul gyis gzugs dben zhes bya ba dang / mi dben zhes bya bar gnas par mi bya'o //	417b	dmigs ba tshul gyis gzugs dben zhes byed ba dang mi dben zhes byed ba gnas ba mi byed 
BO_K02_D0008-4_H0009-4:417b-2	dmigs pa'i tshul gyis gzugs stong zhes bya ba dang / mi stong zhes bya bar gnas par mi bya'o //	417b	dmigs ba tshul gyis gzugs stong zhes byed ba dang mi stong zhes byed ba gnas ba mi byed 
BO_K02_D0008-4_H0009-4:417b-3	dmigs pa'i tshul gyis gzugs mtshan ma yod ces bya ba dang / mtshan ma med ces bya bar gnas par mi bya'o //	417b	dmigs ba tshul gyis gzugs mtshan ma yod ces byed ba dang mtshan ma med ces byed ba gnas ba mi byed 
BO_K02_D0008-4_H0009-4:417b-4	dmigs pa'i tshul gyis gzugs smon pa yod ces bya ba dang / smon pa med ces bya bar gnas par mi bya'o //	417b	dmigs ba tshul gyis gzugs smon ba yod ces byed ba dang smon ba med ces byed ba gnas ba mi byed 
BO_K02_D0008-4_H0009-4:417b-5	dmigs pa'i tshul gyis tshor ba rtag ces bya ba dang / mi rtag ces bya bar gnas par mi bya'o //	417b	dmigs ba tshul gyis tshor ba rtag ces byed ba dang mi rtag ces byed ba gnas ba mi byed 
BO_K02_D0008-4_H0009-4:417b-6	dmigs pa'i tshul gyis tshor ba bde zhes bya ba dang / sdug bsngal zhes bya bar gnas par mi bya'o //	417b	dmigs ba tshul gyis tshor ba bde zhes byed ba dang sdug sngal zhes byed ba gnas ba mi byed 
BO_K02_D0008-4_H0009-4:417b-7	dmigs pa'i tshul gyis tshor ba bdag ces bya ba dang / bdag med ces bya bar gnas par mi bya'o //	417b	dmigs ba tshul gyis tshor ba bdag ces byed ba dang bdag med ces byed ba gnas ba mi byed 
BO_K02_D0008-4_H0009-4:417b-8	dmigs pa'i tshul gyis tshor ba sdug ces bya ba dang / mi sdug ces bya bar gnas par mi bya'o //	417b	dmigs ba tshul gyis tshor ba sdug ces byed ba dang mi sdug ces byed ba gnas ba mi byed 
BO_K02_D0008-4_H0009-4:417b-9	dmigs pa'i tshul gyis tshor ba zhi zhes bya ba dang / ma zhi zhes bya bar gnas par mi bya'o //	417b	dmigs ba tshul gyis tshor ba zhi zhes byed ba dang ma zhi zhes byed ba gnas ba mi byed 
BO_K02_D0008-4_H0009-4:417b-10	dmigs pa'i tshul gyis tshor ba dben zhes bya ba dang / mi dben zhes bya bar gnas par mi bya'o //	417b	dmigs ba tshul gyis tshor ba dben zhes byed ba dang mi dben zhes byed ba gnas ba mi byed 
BO_K02_D0008-4_H0009-4:417b-11	dmigs pa'i tshul gyis tshor ba stong zhes bya ba dang / mi stong zhes bya bar gnas par mi bya'o //	417b	dmigs ba tshul gyis tshor ba stong zhes byed ba dang mi stong zhes byed ba gnas ba mi byed 
BO_K02_D0008-4_H0009-4:418a-0	dmigs pa'i tshul gyis tshor ba mtshan ma yod ces bya ba dang / mtshan ma med ces bya bar gnas par mi @418a *//	418a	dmigs ba tshul gyis tshor ba mtshan ma yod ces byed ba dang mtshan ma med ces byed ba gnas ba mi 
BO_K02_D0008-4_H0009-4:418a-1	bya'o // dmigs pa'i tshul gyis tshor ba smon pa yod ces bya ba dang / smon pa med ces bya bar gnas par mi bya'o //	418a	byed dmigs ba tshul gyis tshor ba smon ba yod ces byed ba dang smon ba med ces byed ba gnas ba mi byed 
BO_K02_D0008-4_H0009-4:418a-2	dmigs pa'i tshul gyis 'du shes rtag ces bya ba dang / mi rtag ces bya bar gnas par mi bya'o //	418a	dmigs ba tshul gyis du shes rtag ces byed ba dang mi rtag ces byed ba gnas ba mi byed 
BO_K02_D0008-4_H0009-4:418a-3	dmigs pa'i tshul gyis 'du shes bde zhes bya ba dang / sdug bsngal zhes bya bar gnas par mi bya'o //	418a	dmigs ba tshul gyis du shes bde zhes byed ba dang sdug sngal zhes byed ba gnas ba mi byed 
BO_K02_D0008-4_H0009-4:418a-4	dmigs pa'i tshul gyis 'du shes bdag ces bya ba dang / bdag med ces bya bar gnas par mi bya'o //	418a	dmigs ba tshul gyis du shes bdag ces byed ba dang bdag med ces byed ba gnas ba mi byed 
BO_K02_D0008-4_H0009-4:418a-5	dmigs pa'i tshul gyis 'du shes sdug ces bya ba dang / mi sdug ces bya bar gnas par mi bya'o //	418a	dmigs ba tshul gyis du shes sdug ces byed ba dang mi sdug ces byed ba gnas ba mi byed 
BO_K02_D0008-4_H0009-4:418a-6	dmigs pa'i tshul gyis 'du shes zhi zhes bya ba dang / ma zhi zhes bya bar gnas par mi bya'o //	418a	dmigs ba tshul gyis du shes zhi zhes byed ba dang ma zhi zhes byed ba gnas ba mi byed 
BO_K02_D0008-4_H0009-4:418a-7	dmigs pa'i tshul gyis 'du shes dben zhes bya ba dang / mi dben zhes bya bar gnas par mi bya'o //	418a	dmigs ba tshul gyis du shes dben zhes byed ba dang mi dben zhes byed ba gnas ba mi byed 
BO_K02_D0008-4_H0009-4:418a-8	dmigs pa'i tshul gyis 'du shes stong zhes bya ba dang / mi stong zhes bya bar gnas par mi bya'o //	418a	dmigs ba tshul gyis du shes stong zhes byed ba dang mi stong zhes byed ba gnas ba mi byed 
BO_K02_D0008-4_H0009-4:418a-9	dmigs pa'i tshul gyis 'du shes mtshan ma yod ces bya ba dang / mtshan ma med ces bya bar gnas par mi bya'o //	418a	dmigs ba tshul gyis du shes mtshan ma yod ces byed ba dang mtshan ma med ces byed ba gnas ba mi byed 
BO_K02_D0008-4_H0009-4:418a-10	dmigs pa'i tshul gyis 'du shes smon pa yod ces bya ba dang / smon pa med ces bya bar gnas par mi bya'o //	418a	dmigs ba tshul gyis du shes smon ba yod ces byed ba dang smon ba med ces byed ba gnas ba mi byed 
BO_K02_D0008-4_H0009-4:418a-11	dmigs pa'i tshul gyis 'du byed rtag ces bya ba dang / mi rtag ces bya bar gnas par mi bya'o //	418a	dmigs ba tshul gyis du byed rtag ces byed ba dang mi rtag ces byed ba gnas ba mi byed 
BO_K02_D0008-4_H0009-4:418b-0	dmigs pa'i tshul gyis 'du byed bde zhes bya ba dang / sdug bsngal zhes bya bar @418b gnas par mi bya'o //	418b	dmigs ba tshul gyis du byed bde zhes byed ba dang sdug sngal zhes byed ba gnas ba mi byed 
BO_K02_D0008-4_H0009-4:418b-1	dmigs pa'i tshul gyis 'du byed bdag ces bya ba dang / bdag med ces bya bar gnas par mi bya'o //	418b	dmigs ba tshul gyis du byed bdag ces byed ba dang bdag med ces byed ba gnas ba mi byed 
BO_K02_D0008-4_H0009-4:418b-2	dmigs pa'i tshul gyis 'du byed sdug ces bya ba dang / mi sdug ces bya bar gnas par mi bya'o //	418b	dmigs ba tshul gyis du byed sdug ces byed ba dang mi sdug ces byed ba gnas ba mi byed 
BO_K02_D0008-4_H0009-4:418b-3	dmigs pa'i tshul gyis 'du byed zhi zhes bya ba dang / ma zhi zhes bya bar gnas par mi bya'o //	418b	dmigs ba tshul gyis du byed zhi zhes byed ba dang ma zhi zhes byed ba gnas ba mi byed 
BO_K02_D0008-4_H0009-4:418b-4	dmigs pa'i tshul gyis 'du byed dben zhes bya ba dang / mi dben zhes bya bar gnas par mi bya'o //	418b	dmigs ba tshul gyis du byed dben zhes byed ba dang mi dben zhes byed ba gnas ba mi byed 
BO_K02_D0008-4_H0009-4:418b-5	dmigs pa'i tshul gyis 'du byed stong zhes bya ba dang / mi stong zhes bya bar gnas par mi bya'o //	418b	dmigs ba tshul gyis du byed stong zhes byed ba dang mi stong zhes byed ba gnas ba mi byed 
BO_K02_D0008-4_H0009-4:418b-6	dmigs pa'i tshul gyis 'du byed mtshan ma yod ces bya ba dang / mtshan ma med ces bya bar gnas par mi bya'o //	418b	dmigs ba tshul gyis du byed mtshan ma yod ces byed ba dang mtshan ma med ces byed ba gnas ba mi byed 
BO_K02_D0008-4_H0009-4:418b-7	dmigs pa'i tshul gyis 'du byed smon pa yod ces bya ba dang / smon pa med ces bya bar gnas par mi bya'o //	418b	dmigs ba tshul gyis du byed smon ba yod ces byed ba dang smon ba med ces byed ba gnas ba mi byed 
BO_K02_D0008-4_H0009-4:418b-8	dmigs pa'i tshul gyis rnam par shes pa rtag ces bya ba dang / mi rtag ces bya bar gnas par mi bya'o //	418b	dmigs ba tshul gyis rnam ba shes ba rtag ces byed ba dang mi rtag ces byed ba gnas ba mi byed 
BO_K02_D0008-4_H0009-4:418b-9	dmigs pa'i tshul gyis rnam par shes pa bde zhes bya ba dang / sdug bsngal zhes bya bar gnas par mi bya'o //	418b	dmigs ba tshul gyis rnam ba shes ba bde zhes byed ba dang sdug sngal zhes byed ba gnas ba mi byed 
BO_K02_D0008-4_H0009-4:418b-10	dmigs pa'i tshul gyis rnam par shes pa bdag ces bya ba dang / bdag med ces bya bar gnas par mi bya'o //	418b	dmigs ba tshul gyis rnam ba shes ba bdag ces byed ba dang bdag med ces byed ba gnas ba mi byed 
BO_K02_D0008-4_H0009-4:418b-11	dmigs pa'i tshul gyis rnam par shes pa sdug ces bya ba dang / mi sdug ces bya bar gnas par mi bya'o //	418b	dmigs ba tshul gyis rnam ba shes ba sdug ces byed ba dang mi sdug ces byed ba gnas ba mi byed 
BO_K02_D0008-4_H0009-4:418b-12	dmigs pa'i tshul gyis rnam par shes pa zhi zhes bya ba dang / ma zhi zhes bya bar gnas par mi bya'o //	418b	dmigs ba tshul gyis rnam ba shes ba zhi zhes byed ba dang ma zhi zhes byed ba gnas ba mi byed 
BO_K02_D0008-4_H0009-4:419a-0	dmigs pa'i tshul gyis rnam @419a *//	419a	dmigs ba tshul gyis rnam 
BO_K02_D0008-4_H0009-4:419a-1	par shes pa dben zhes bya ba dang / mi dben zhes bya bar gnas par mi bya'o //	419a	ba shes ba dben zhes byed ba dang mi dben zhes byed ba gnas ba mi byed 
BO_K02_D0008-4_H0009-4:419a-2	dmigs pa'i tshul gyis rnam par shes pa stong zhes bya ba dang / mi stong zhes bya bar gnas par mi bya'o //	419a	dmigs ba tshul gyis rnam ba shes ba stong zhes byed ba dang mi stong zhes byed ba gnas ba mi byed 
BO_K02_D0008-4_H0009-4:419a-3	dmigs pa'i tshul gyis rnam par shes pa mtshan ma yod ces bya ba dang / mtshan ma med ces bya bar gnas par mi bya'o //	419a	dmigs ba tshul gyis rnam ba shes ba mtshan ma yod ces byed ba dang mtshan ma med ces byed ba gnas ba mi byed 
BO_K02_D0008-4_H0009-4:419a-4	dmigs pa'i tshul gyis rnam par shes pa smon pa yod ces bya ba dang / smon pa med ces bya bar gnas par mi bya'o //	419a	dmigs ba tshul gyis rnam ba shes ba smon ba yod ces byed ba dang smon ba med ces byed ba gnas ba mi byed 
BO_K02_D0008-4_H0009-4:419a-5	dmigs pa'i tshul gyis mig rtag ces bya ba dang / mi rtag ces bya bar gnas par mi bya'o //	419a	dmigs ba tshul gyis mig rtag ces byed ba dang mi rtag ces byed ba gnas ba mi byed 
BO_K02_D0008-4_H0009-4:419a-6	dmigs pa'i tshul gyis mig bde zhes bya ba dang / sdug bsngal zhes bya bar gnas par mi bya'o //	419a	dmigs ba tshul gyis mig bde zhes byed ba dang sdug sngal zhes byed ba gnas ba mi byed 
BO_K02_D0008-4_H0009-4:419a-7	dmigs pa'i tshul gyis mig bdag ces bya ba dang / bdag med ces bya bar gnas par mi bya'o //	419a	dmigs ba tshul gyis mig bdag ces byed ba dang bdag med ces byed ba gnas ba mi byed 
BO_K02_D0008-4_H0009-4:419a-8	dmigs pa'i tshul gyis mig sdug ces bya ba dang / mi sdug ces bya bar gnas par mi bya'o //	419a	dmigs ba tshul gyis mig sdug ces byed ba dang mi sdug ces byed ba gnas ba mi byed 
BO_K02_D0008-4_H0009-4:419a-9	dmigs pa'i tshul gyis mig zhi zhes bya ba dang / ma zhi zhes bya bar gnas par mi bya'o //	419a	dmigs ba tshul gyis mig zhi zhes byed ba dang ma zhi zhes byed ba gnas ba mi byed 
BO_K02_D0008-4_H0009-4:419a-10	dmigs pa'i tshul gyis mig dben zhes bya ba dang / mi dben zhes bya bar gnas par mi bya'o //	419a	dmigs ba tshul gyis mig dben zhes byed ba dang mi dben zhes byed ba gnas ba mi byed 
BO_K02_D0008-4_H0009-4:419a-11	dmigs pa'i tshul gyis mig stong zhes bya ba dang / mi stong zhes bya bar gnas par mi bya'o //	419a	dmigs ba tshul gyis mig stong zhes byed ba dang mi stong zhes byed ba gnas ba mi byed 
BO_K02_D0008-4_H0009-4:419a-12	dmigs pa'i tshul gyis mig mtshan ma yod ces bya ba dang / mtshan ma med ces bya bar gnas par mi bya'o //	419a	dmigs ba tshul gyis mig mtshan ma yod ces byed ba dang mtshan ma med ces byed ba gnas ba mi byed 
BO_K02_D0008-4_H0009-4:419b-0	dmigs pa'i tshul gyis mig smon pa @419b yod ces bya ba dang / smon pa med ces bya bar gnas par mi bya'o //	419b	dmigs ba tshul gyis mig smon ba yod ces byed ba dang smon ba med ces byed ba gnas ba mi byed 
BO_K02_D0008-4_H0009-4:419b-1	dmigs pa'i tshul gyis rna ba rtag ces bya ba dang / mi rtag ces bya bar gnas par mi bya'o //	419b	dmigs ba tshul gyis rna ba rtag ces byed ba dang mi rtag ces byed ba gnas ba mi byed 
BO_K02_D0008-4_H0009-4:419b-2	dmigs pa'i tshul gyis rna ba bde zhes bya ba dang / sdug bsngal zhes bya bar gnas par mi bya'o //	419b	dmigs ba tshul gyis rna ba bde zhes byed ba dang sdug sngal zhes byed ba gnas ba mi byed 
BO_K02_D0008-4_H0009-4:419b-3	dmigs pa'i tshul gyis rna ba bdag ces bya ba dang / bdag med ces bya bar gnas par mi bya'o //	419b	dmigs ba tshul gyis rna ba bdag ces byed ba dang bdag med ces byed ba gnas ba mi byed 
BO_K02_D0008-4_H0009-4:419b-4	dmigs pa'i tshul gyis rna ba sdug ces bya ba dang / mi sdug ces bya bar gnas par mi bya'o //	419b	dmigs ba tshul gyis rna ba sdug ces byed ba dang mi sdug ces byed ba gnas ba mi byed 
BO_K02_D0008-4_H0009-4:419b-5	dmigs pa'i tshul gyis rna ba zhi zhes bya ba dang / ma zhi zhes bya bar gnas par mi bya'o //	419b	dmigs ba tshul gyis rna ba zhi zhes byed ba dang ma zhi zhes byed ba gnas ba mi byed 
BO_K02_D0008-4_H0009-4:419b-6	dmigs pa'i tshul gyis rna ba dben zhes bya ba dang / mi dben zhes bya bar gnas par mi bya'o //	419b	dmigs ba tshul gyis rna ba dben zhes byed ba dang mi dben zhes byed ba gnas ba mi byed 
BO_K02_D0008-4_H0009-4:419b-7	dmigs pa'i tshul gyis rna ba stong zhes bya ba dang / mi stong zhes bya bar gnas par mi bya'o //	419b	dmigs ba tshul gyis rna ba stong zhes byed ba dang mi stong zhes byed ba gnas ba mi byed 
BO_K02_D0008-4_H0009-4:419b-8	dmigs pa'i tshul gyis rna ba mtshan ma yod ces bya ba dang / mtshan ma med ces bya bar gnas par mi bya'o //	419b	dmigs ba tshul gyis rna ba mtshan ma yod ces byed ba dang mtshan ma med ces byed ba gnas ba mi byed 
BO_K02_D0008-4_H0009-4:419b-9	dmigs pa'i tshul gyis rna ba smon pa yod ces bya ba dang // smon pa med ces bya bar gnas par mi bya'o //	419b	dmigs ba tshul gyis rna ba smon ba yod ces byed ba dang smon ba med ces byed ba gnas ba mi byed 
BO_K02_D0008-4_H0009-4:419b-10	dmigs pa'i tshul gyis sna rtag ces bya ba dang / mi rtag ces bya bar gnas par mi bya'o //	419b	dmigs ba tshul gyis sna rtag ces byed ba dang mi rtag ces byed ba gnas ba mi byed 
BO_K02_D0008-4_H0009-4:419b-11	dmigs pa'i tshul gyis sna bde zhes bya ba dang / sdug bsngal zhes bya bar gnas par mi bya'o //	419b	dmigs ba tshul gyis sna bde zhes byed ba dang sdug sngal zhes byed ba gnas ba mi byed 
BO_K02_D0008-4_H0009-4:419b-12	dmigs pa'i tshul gyis sna bdag ces bya ba dang / bdag med ces bya bar gnas par mi bya'o //	419b	dmigs ba tshul gyis sna bdag ces byed ba dang bdag med ces byed ba gnas ba mi byed 
BO_K02_D0008-4_H0009-4:420a-0	dmigs pa'i tshul gyis sna sdug ces bya ba dang / mi sdug ces bya bar gnas par mi @420a *//	420a	dmigs ba tshul gyis sna sdug ces byed ba dang mi sdug ces byed ba gnas ba mi 
BO_K02_D0008-4_H0009-4:420a-1	bya'o // dmigs pa'i tshul gyis sna zhi zhes bya ba dang / ma zhi zhes bya bar gnas par mi bya'o //	420a	byed dmigs ba tshul gyis sna zhi zhes byed ba dang ma zhi zhes byed ba gnas ba mi byed 
BO_K02_D0008-4_H0009-4:420a-2	dmigs pa'i tshul gyis sna dben zhes bya ba dang / mi dben zhes bya bar gnas par mi bya'o //	420a	dmigs ba tshul gyis sna dben zhes byed ba dang mi dben zhes byed ba gnas ba mi byed 
BO_K02_D0008-4_H0009-4:420a-3	dmigs pa'i tshul gyis sna stong zhes bya ba dang / mi stong zhes bya bar gnas par mi bya'o //	420a	dmigs ba tshul gyis sna stong zhes byed ba dang mi stong zhes byed ba gnas ba mi byed 
BO_K02_D0008-4_H0009-4:420a-4	dmigs pa'i tshul gyis sna mtshan ma yod ces bya ba dang / mtshan ma med ces bya bar gnas par mi bya'o //	420a	dmigs ba tshul gyis sna mtshan ma yod ces byed ba dang mtshan ma med ces byed ba gnas ba mi byed 
BO_K02_D0008-4_H0009-4:420a-5	dmigs pa'i tshul gyis sna smon pa yod ces bya ba dang / smon pa med ces bya bar gnas par mi bya'o //	420a	dmigs ba tshul gyis sna smon ba yod ces byed ba dang smon ba med ces byed ba gnas ba mi byed 
BO_K02_D0008-4_H0009-4:420a-6	dmigs pa'i tshul gyis lce rtag ces bya ba dang / mi rtag ces bya bar gnas par mi bya'o //	420a	dmigs ba tshul gyis lce rtag ces byed ba dang mi rtag ces byed ba gnas ba mi byed 
BO_K02_D0008-4_H0009-4:420a-7	dmigs pa'i tshul gyis lce bde zhes bya ba dang / sdug bsngal zhes bya bar gnas par mi bya'o //	420a	dmigs ba tshul gyis lce bde zhes byed ba dang sdug sngal zhes byed ba gnas ba mi byed 
BO_K02_D0008-4_H0009-4:420a-8	dmigs pa'i tshul gyis lce bdag ces bya ba dang / bdag med ces bya bar gnas par mi bya'o //	420a	dmigs ba tshul gyis lce bdag ces byed ba dang bdag med ces byed ba gnas ba mi byed 
BO_K02_D0008-4_H0009-4:420a-9	dmigs pa'i tshul gyis lce sdug ces bya ba dang / mi sdug ces bya bar gnas par mi bya'o //	420a	dmigs ba tshul gyis lce sdug ces byed ba dang mi sdug ces byed ba gnas ba mi byed 
BO_K02_D0008-4_H0009-4:420a-10	dmigs pa'i tshul gyis lce zhi zhes bya ba dang / ma zhi zhes bya bar gnas par mi bya'o //	420a	dmigs ba tshul gyis lce zhi zhes byed ba dang ma zhi zhes byed ba gnas ba mi byed 
BO_K02_D0008-4_H0009-4:420a-11	dmigs pa'i tshul gyis lce dben zhes bya ba dang / mi dben zhes bya bar gnas par mi bya'o //	420a	dmigs ba tshul gyis lce dben zhes byed ba dang mi dben zhes byed ba gnas ba mi byed 
BO_K02_D0008-4_H0009-4:420a-12	dmigs pa'i tshul gyis lce stong zhes bya ba dang / mi stong zhes bya bar gnas par mi bya'o //	420a	dmigs ba tshul gyis lce stong zhes byed ba dang mi stong zhes byed ba gnas ba mi byed 
BO_K02_D0008-4_H0009-4:420b-0	dmigs pa'i tshul gyis lce mtshan ma yod ces bya ba dang / mtshan ma med ces bya bar gnas par mi @420b bya'o //	420b	dmigs ba tshul gyis lce mtshan ma yod ces byed ba dang mtshan ma med ces byed ba gnas ba mi byed 
BO_K02_D0008-4_H0009-4:420b-1	dmigs pa'i tshul gyis lce smon pa yod ces bya ba dang / smon pa med ces bya bar gnas par mi bya'o //	420b	dmigs ba tshul gyis lce smon ba yod ces byed ba dang smon ba med ces byed ba gnas ba mi byed 
BO_K02_D0008-4_H0009-4:420b-2	dmigs pa'i tshul gyis lus rtag ces bya ba dang / mi rtag ces bya bar gnas par mi bya'o //	420b	dmigs ba tshul gyis lus rtag ces byed ba dang mi rtag ces byed ba gnas ba mi byed 
BO_K02_D0008-4_H0009-4:420b-3	dmigs pa'i tshul gyis lus bde zhes bya ba dang / sdug bsngal zhes bya bar gnas par mi bya'o //	420b	dmigs ba tshul gyis lus bde zhes byed ba dang sdug sngal zhes byed ba gnas ba mi byed 
BO_K02_D0008-4_H0009-4:420b-4	dmigs pa'i tshul gyis lus bdag ces bya ba dang / bdag med ces bya bar gnas par mi bya'o //	420b	dmigs ba tshul gyis lus bdag ces byed ba dang bdag med ces byed ba gnas ba mi byed 
BO_K02_D0008-4_H0009-4:420b-5	dmigs pa'i tshul gyis lus sdug ces bya ba dang // mi sdug ces bya bar gnas par mi bya'o //	420b	dmigs ba tshul gyis lus sdug ces byed ba dang mi sdug ces byed ba gnas ba mi byed 
BO_K02_D0008-4_H0009-4:420b-6	dmigs pa'i tshul gyis lus zhi zhes bya ba dang / ma zhi zhes bya bar gnas par mi bya'o //	420b	dmigs ba tshul gyis lus zhi zhes byed ba dang ma zhi zhes byed ba gnas ba mi byed 
BO_K02_D0008-4_H0009-4:420b-7	dmigs pa'i tshul gyis lus dben zhes bya ba dang / mi dben zhes bya bar gnas par mi bya'o //	420b	dmigs ba tshul gyis lus dben zhes byed ba dang mi dben zhes byed ba gnas ba mi byed 
BO_K02_D0008-4_H0009-4:420b-8	dmigs pa'i tshul gyis lus stong zhes bya ba dang / mi stong zhes bya bar gnas par mi bya'o //	420b	dmigs ba tshul gyis lus stong zhes byed ba dang mi stong zhes byed ba gnas ba mi byed 
BO_K02_D0008-4_H0009-4:420b-9	dmigs pa'i tshul gyis lus mtshan ma yod ces bya ba dang / mtshan ma med ces bya bar gnas par mi bya'o //	420b	dmigs ba tshul gyis lus mtshan ma yod ces byed ba dang mtshan ma med ces byed ba gnas ba mi byed 
BO_K02_D0008-4_H0009-4:420b-10	dmigs pa'i tshul gyis lus smon pa yod ces bya ba dang / smon pa med ces bya bar gnas par mi bya'o //	420b	dmigs ba tshul gyis lus smon ba yod ces byed ba dang smon ba med ces byed ba gnas ba mi byed 
BO_K02_D0008-4_H0009-4:420b-11	dmigs pa'i tshul gyis yid rtag ces bya ba dang / mi rtag ces bya bar gnas par mi bya'o //	420b	dmigs ba tshul gyis yid rtag ces byed ba dang mi rtag ces byed ba gnas ba mi byed 
BO_K02_D0008-4_H0009-4:420b-12	dmigs pa'i tshul gyis yid bde zhes bya ba dang / sdug bsngal zhes bya bar gnas par mi bya'o //	420b	dmigs ba tshul gyis yid bde zhes byed ba dang sdug sngal zhes byed ba gnas ba mi byed 
BO_K02_D0008-4_H0009-4:420b-13	dmigs pa'i tshul gyis yid bdag ces bya ba dang / bdag med ces bya bar gnas par mi bya'o //	420b	dmigs ba tshul gyis yid bdag ces byed ba dang bdag med ces byed ba gnas ba mi byed 
BO_K02_D0008-4_H0009-4:421a-0	dmigs @421a *// pa'i tshul gyis yid sdug ces bya ba dang / mi sdug ces bya bar gnas par mi bya'o //	421a	dmigs ba tshul gyis yid sdug ces byed ba dang mi sdug ces byed ba gnas ba mi byed 
BO_K02_D0008-4_H0009-4:421a-1	dmigs pa'i tshul gyis yid zhi zhes bya ba dang / mi zhi zhes bya bar gnas par mi bya'o //	421a	dmigs ba tshul gyis yid zhi zhes byed ba dang mi zhi zhes byed ba gnas ba mi byed 
BO_K02_D0008-4_H0009-4:421a-2	dmigs pa'i tshul gyis yid dben zhes bya ba dang / mi dben zhes bya bar gnas par mi bya'o //	421a	dmigs ba tshul gyis yid dben zhes byed ba dang mi dben zhes byed ba gnas ba mi byed 
BO_K02_D0008-4_H0009-4:421a-3	dmigs pa'i tshul gyis yid stong zhes bya ba dang / mi stong zhes bya bar gnas par mi bya'o //	421a	dmigs ba tshul gyis yid stong zhes byed ba dang mi stong zhes byed ba gnas ba mi byed 
BO_K02_D0008-4_H0009-4:421a-4	dmigs pa'i tshul gyis yid mtshan ma yod ces bya ba dang / mtshan ma med ces bya bar gnas par mi bya'o //	421a	dmigs ba tshul gyis yid mtshan ma yod ces byed ba dang mtshan ma med ces byed ba gnas ba mi byed 
BO_K02_D0008-4_H0009-4:421a-5	dmigs pa'i tshul gyis yid smon pa yod ces bya ba dang / smon pa med ces bya bar gnas par mi bya'o //	421a	dmigs ba tshul gyis yid smon ba yod ces byed ba dang smon ba med ces byed ba gnas ba mi byed 
BO_K02_D0008-4_H0009-4:421a-6	dmigs pa'i tshul gyis gzugs rtag ces bya ba dang / mi rtag ces bya bar gnas par mi bya'o //	421a	dmigs ba tshul gyis gzugs rtag ces byed ba dang mi rtag ces byed ba gnas ba mi byed 
BO_K02_D0008-4_H0009-4:421a-7	dmigs pa'i tshul gyis gzugs bde zhes bya ba dang / sdug bsngal zhes bya bar gnas par mi bya'o //	421a	dmigs ba tshul gyis gzugs bde zhes byed ba dang sdug sngal zhes byed ba gnas ba mi byed 
BO_K02_D0008-4_H0009-4:421a-8	dmigs pa'i tshul gyis gzugs bdag ces bya ba dang / bdag med ces bya bar gnas par mi bya'o //	421a	dmigs ba tshul gyis gzugs bdag ces byed ba dang bdag med ces byed ba gnas ba mi byed 
BO_K02_D0008-4_H0009-4:421a-9	dmigs pa'i tshul gyis gzugs sdug ces bya ba dang / mi sdug ces bya bar gnas par mi bya'o //	421a	dmigs ba tshul gyis gzugs sdug ces byed ba dang mi sdug ces byed ba gnas ba mi byed 
BO_K02_D0008-4_H0009-4:421a-10	dmigs pa'i tshul gyis gzugs zhi zhes bya ba dang / ma zhi zhes bya bar gnas par mi bya'o //	421a	dmigs ba tshul gyis gzugs zhi zhes byed ba dang ma zhi zhes byed ba gnas ba mi byed 
BO_K02_D0008-4_H0009-4:421a-11	dmigs pa'i tshul gyis gzugs dben zhes bya ba dang / mi dben zhes bya bar gnas par mi bya'o //	421a	dmigs ba tshul gyis gzugs dben zhes byed ba dang mi dben zhes byed ba gnas ba mi byed 
BO_K02_D0008-4_H0009-4:421b-0	dmigs pa'i tshul gyis gzugs stong zhes bya ba dang / mi stong @421b zhes bya bar gnas par mi bya'o //	421b	dmigs ba tshul gyis gzugs stong zhes byed ba dang mi stong zhes byed ba gnas ba mi byed 
BO_K02_D0008-4_H0009-4:421b-1	dmigs pa'i tshul gyis gzugs mtshan ma yod ces bya ba dang / mtshan ma med ces bya bar gnas par mi bya'o //	421b	dmigs ba tshul gyis gzugs mtshan ma yod ces byed ba dang mtshan ma med ces byed ba gnas ba mi byed 
BO_K02_D0008-4_H0009-4:421b-2	dmigs pa'i tshul gyis gzugs smon pa yod ces bya ba dang / smon pa med ces bya bar gnas par mi bya'o //	421b	dmigs ba tshul gyis gzugs smon ba yod ces byed ba dang smon ba med ces byed ba gnas ba mi byed 
BO_K02_D0008-4_H0009-4:421b-3	dmigs pa'i tshul gyis sgra rtag ces bya ba dang / mi rtag ces bya bar gnas par mi bya'o //	421b	dmigs ba tshul gyis sgra rtag ces byed ba dang mi rtag ces byed ba gnas ba mi byed 
BO_K02_D0008-4_H0009-4:421b-4	dmigs pa'i tshul gyis sgra bde zhes bya ba dang / sdug bsngal zhes bya bar gnas par mi bya'o //	421b	dmigs ba tshul gyis sgra bde zhes byed ba dang sdug sngal zhes byed ba gnas ba mi byed 
BO_K02_D0008-4_H0009-4:421b-5	dmigs pa'i tshul gyis sgra bdag ces bya ba dang / bdag med ces bya bar gnas par mi bya'o //	421b	dmigs ba tshul gyis sgra bdag ces byed ba dang bdag med ces byed ba gnas ba mi byed 
BO_K02_D0008-4_H0009-4:421b-6	dmigs pa'i tshul gyis sgra sdug ces bya ba dang / mi sdug ces bya bar gnas par mi bya'o //	421b	dmigs ba tshul gyis sgra sdug ces byed ba dang mi sdug ces byed ba gnas ba mi byed 
BO_K02_D0008-4_H0009-4:421b-7	dmigs pa'i tshul gyis sgra zhi zhes bya ba dang / ma zhi zhes bya bar gnas par mi bya'o //	421b	dmigs ba tshul gyis sgra zhi zhes byed ba dang ma zhi zhes byed ba gnas ba mi byed 
BO_K02_D0008-4_H0009-4:421b-8	dmigs pa'i tshul gyis sgra dben zhes bya ba dang / mi dben zhes bya bar gnas par mi bya'o //	421b	dmigs ba tshul gyis sgra dben zhes byed ba dang mi dben zhes byed ba gnas ba mi byed 
BO_K02_D0008-4_H0009-4:421b-9	dmigs pa'i tshul gyis sgra stong zhes bya ba dang / mi stong zhes bya bar gnas par mi bya'o //	421b	dmigs ba tshul gyis sgra stong zhes byed ba dang mi stong zhes byed ba gnas ba mi byed 
BO_K02_D0008-4_H0009-4:421b-10	dmigs pa'i tshul gyis sgra mtshan ma yod ces bya ba dang / mtshan ma med ces bya bar gnas par mi bya'o //	421b	dmigs ba tshul gyis sgra mtshan ma yod ces byed ba dang mtshan ma med ces byed ba gnas ba mi byed 
BO_K02_D0008-4_H0009-4:421b-11	dmigs pa'i tshul gyis sgra smon pa yod ces bya ba dang / smon pa med ces bya bar gnas par mi bya'o //	421b	dmigs ba tshul gyis sgra smon ba yod ces byed ba dang smon ba med ces byed ba gnas ba mi byed 
BO_K02_D0008-4_H0009-4:421b-12	dmigs pa'i tshul gyis dri rtag ces bya ba dang / mi rtag ces bya bar gnas par mi bya'o //	421b	dmigs ba tshul gyis dri rtag ces byed ba dang mi rtag ces byed ba gnas ba mi byed 
BO_K02_D0008-4_H0009-4:421b-13	dmigs pa'i tshul gyis dri bde zhes bya ba dang / sdug bsngal zhes bya bar gnas par mi bya'o //	421b	dmigs ba tshul gyis dri bde zhes byed ba dang sdug sngal zhes byed ba gnas ba mi byed 
BO_K02_D0008-4_H0009-4:422a-0	@422a *// dmigs pa'i tshul gyis dri bdag ces bya ba dang / bdag med ces bya bar gnas par mi bya'o //	422a	dmigs ba tshul gyis dri bdag ces byed ba dang bdag med ces byed ba gnas ba mi byed 
BO_K02_D0008-4_H0009-4:422a-1	dmigs pa'i tshul gyis dri sdug ces bya ba dang / mi sdug ces bya bar gnas par mi bya'o //	422a	dmigs ba tshul gyis dri sdug ces byed ba dang mi sdug ces byed ba gnas ba mi byed 
BO_K02_D0008-4_H0009-4:422a-2	dmigs pa'i tshul gyis dri zhi zhes bya ba dang / ma zhi zhes bya bar gnas par mi bya'o //	422a	dmigs ba tshul gyis dri zhi zhes byed ba dang ma zhi zhes byed ba gnas ba mi byed 
BO_K02_D0008-4_H0009-4:422a-3	dmigs pa'i tshul gyis dri dben zhes bya ba dang / mi dben zhes bya bar gnas par mi bya'o //	422a	dmigs ba tshul gyis dri dben zhes byed ba dang mi dben zhes byed ba gnas ba mi byed 
BO_K02_D0008-4_H0009-4:422a-4	dmigs pa'i tshul gyis dri stong zhes bya ba dang / mi stong zhes bya bar gnas par mi bya'o //	422a	dmigs ba tshul gyis dri stong zhes byed ba dang mi stong zhes byed ba gnas ba mi byed 
BO_K02_D0008-4_H0009-4:422a-5	dmigs pa'i tshul gyis dri mtshan ma yod ces bya ba dang / mtshan ma med ces bya bar gnas par mi bya'o //	422a	dmigs ba tshul gyis dri mtshan ma yod ces byed ba dang mtshan ma med ces byed ba gnas ba mi byed 
BO_K02_D0008-4_H0009-4:422a-6	dmigs pa'i tshul gyis dri smon pa yod ces bya ba dang / smon pa med ces bya bar gnas par mi bya'o //	422a	dmigs ba tshul gyis dri smon ba yod ces byed ba dang smon ba med ces byed ba gnas ba mi byed 
BO_K02_D0008-4_H0009-4:422a-7	dmigs pa'i tshul gyis ro rtag ces bya ba dang / mi rtag ces bya bar gnas par mi bya'o //	422a	dmigs ba tshul gyis ro rtag ces byed ba dang mi rtag ces byed ba gnas ba mi byed 
BO_K02_D0008-4_H0009-4:422a-8	dmigs pa'i tshul gyis ro bde zhes bya ba dang / sdug bsngal zhes bya bar gnas par mi bya'o //	422a	dmigs ba tshul gyis ro bde zhes byed ba dang sdug sngal zhes byed ba gnas ba mi byed 
BO_K02_D0008-4_H0009-4:422a-9	dmigs pa'i tshul gyis ro bdag ces bya ba dang / bdag med ces bya bar gnas par mi bya'o //	422a	dmigs ba tshul gyis ro bdag ces byed ba dang bdag med ces byed ba gnas ba mi byed 
BO_K02_D0008-4_H0009-4:422a-10	dmigs pa'i tshul gyis ro sdug ces bya ba dang / mi sdug ces bya bar gnas par mi bya'o //	422a	dmigs ba tshul gyis ro sdug ces byed ba dang mi sdug ces byed ba gnas ba mi byed 
BO_K02_D0008-4_H0009-4:422a-11	dmigs pa'i tshul gyis ro zhi zhes bya ba dang / ma zhi zhes bya bar gnas par mi bya'o //	422a	dmigs ba tshul gyis ro zhi zhes byed ba dang ma zhi zhes byed ba gnas ba mi byed 
BO_K02_D0008-4_H0009-4:422a-12	dmigs pa'i tshul gyis ro dben zhes bya ba dang / mi dben zhes bya bar gnas par mi bya'o //	422a	dmigs ba tshul gyis ro dben zhes byed ba dang mi dben zhes byed ba gnas ba mi byed 
BO_K02_D0008-4_H0009-4:422b-0	@422b dmigs pa'i tshul gyis ro stong zhes bya ba dang / mi stong zhes bya bar gnas par mi bya'o //	422b	dmigs ba tshul gyis ro stong zhes byed ba dang mi stong zhes byed ba gnas ba mi byed 
BO_K02_D0008-4_H0009-4:422b-1	dmigs pa'i tshul gyis ro mtshan ma yod ces bya ba dang / mtshan ma med ces bya bar gnas par mi bya'o //	422b	dmigs ba tshul gyis ro mtshan ma yod ces byed ba dang mtshan ma med ces byed ba gnas ba mi byed 
BO_K02_D0008-4_H0009-4:422b-2	dmigs pa'i tshul gyis ro smon pa yod ces bya ba dang / smon pa med ces bya bar gnas par mi bya'o //	422b	dmigs ba tshul gyis ro smon ba yod ces byed ba dang smon ba med ces byed ba gnas ba mi byed 
BO_K02_D0008-4_H0009-4:422b-3	dmigs pa'i tshul gyis reg rtag ces bya ba dang / mi rtag ces bya bar gnas par mi bya'o //	422b	dmigs ba tshul gyis reg rtag ces byed ba dang mi rtag ces byed ba gnas ba mi byed 
BO_K02_D0008-4_H0009-4:422b-4	dmigs pa'i tshul gyis reg bde zhes bya ba dang / sdug bsngal zhes bya bar gnas par mi bya'o //	422b	dmigs ba tshul gyis reg bde zhes byed ba dang sdug sngal zhes byed ba gnas ba mi byed 
BO_K02_D0008-4_H0009-4:422b-5	dmigs pa'i tshul gyis reg bdag ces bya ba dang / bdag med ces bya bar gnas par mi bya'o //	422b	dmigs ba tshul gyis reg bdag ces byed ba dang bdag med ces byed ba gnas ba mi byed 
BO_K02_D0008-4_H0009-4:422b-6	dmigs pa'i tshul gyis reg sdug ces bya ba dang / mi sdug ces bya bar gnas par mi bya'o //	422b	dmigs ba tshul gyis reg sdug ces byed ba dang mi sdug ces byed ba gnas ba mi byed 
BO_K02_D0008-4_H0009-4:422b-7	dmigs pa'i tshul gyis reg zhi zhes bya ba dang / ma zhi zhes bya bar gnas par mi bya'o //	422b	dmigs ba tshul gyis reg zhi zhes byed ba dang ma zhi zhes byed ba gnas ba mi byed 
BO_K02_D0008-4_H0009-4:422b-8	dmigs pa'i tshul gyis reg dben zhes bya ba dang / mi dben zhes bya bar gnas par mi bya'o //	422b	dmigs ba tshul gyis reg dben zhes byed ba dang mi dben zhes byed ba gnas ba mi byed 
BO_K02_D0008-4_H0009-4:422b-9	dmigs pa'i tshul gyis reg stong zhes bya ba dang / mi stong zhes bya bar gnas par mi bya'o //	422b	dmigs ba tshul gyis reg stong zhes byed ba dang mi stong zhes byed ba gnas ba mi byed 
BO_K02_D0008-4_H0009-4:422b-10	dmigs pa'i tshul gyis reg mtshan ma yod ces bya ba dang / mtshan ma med ces bya bar gnas par mi bya'o /	422b	dmigs ba tshul gyis reg mtshan ma yod ces byed ba dang mtshan ma med ces byed ba gnas ba mi byed 
BO_K02_D0008-4_H0009-4:422b-11	dmigs pa'i tshul gyis reg smon pa yod ces bya ba dang / smon pa med ces bya bar gnas par mi bya'o //	422b	dmigs ba tshul gyis reg smon ba yod ces byed ba dang smon ba med ces byed ba gnas ba mi byed 
BO_K02_D0008-4_H0009-4:422b-12	dmigs pa'i tshul gyis chos rtag ces bya ba dang / mi rtag ces bya bar gnas par mi bya'o //	422b	dmigs ba tshul gyis chos rtag ces byed ba dang mi rtag ces byed ba gnas ba mi byed 
BO_K02_D0008-4_H0009-4:423a-0	dmigs pa'i tshul @423a *//	423a	dmigs ba tshul 
BO_K02_D0008-4_H0009-4:423a-1	gyis chos bde zhes bya ba dang / sdug bsngal zhes bya bar gnas par mi bya'o //	423a	gyis chos bde zhes byed ba dang sdug sngal zhes byed ba gnas ba mi byed 
BO_K02_D0008-4_H0009-4:423a-2	dmigs pa'i tshul gyis chos bdag ces bya ba dang / bdag med ces bya bar gnas par mi bya'o //	423a	dmigs ba tshul gyis chos bdag ces byed ba dang bdag med ces byed ba gnas ba mi byed 
BO_K02_D0008-4_H0009-4:423a-3	dmigs pa'i tshul gyis chos sdug ces bya ba dang / mi sdug ces bya bar gnas par mi bya'o //	423a	dmigs ba tshul gyis chos sdug ces byed ba dang mi sdug ces byed ba gnas ba mi byed 
BO_K02_D0008-4_H0009-4:423a-4	dmigs pa'i tshul gyis chos zhi zhes bya ba dang / ma zhi zhes bya bar gnas par mi bya'o //	423a	dmigs ba tshul gyis chos zhi zhes byed ba dang ma zhi zhes byed ba gnas ba mi byed 
BO_K02_D0008-4_H0009-4:423a-5	dmigs pa'i tshul gyis chos dben zhes bya ba dang / mi dben zhes bya bar gnas par mi bya'o //	423a	dmigs ba tshul gyis chos dben zhes byed ba dang mi dben zhes byed ba gnas ba mi byed 
BO_K02_D0008-4_H0009-4:423a-6	dmigs pa'i tshul gyis chos stong zhes bya ba dang / mi stong zhes bya bar gnas par mi bya'o //	423a	dmigs ba tshul gyis chos stong zhes byed ba dang mi stong zhes byed ba gnas ba mi byed 
BO_K02_D0008-4_H0009-4:423a-7	dmigs pa'i tshul gyis chos mtshan ma yod ces bya ba dang / mtshan ma med ces bya bar gnas par mi bya'o //	423a	dmigs ba tshul gyis chos mtshan ma yod ces byed ba dang mtshan ma med ces byed ba gnas ba mi byed 
BO_K02_D0008-4_H0009-4:423a-8	dmigs pa'i tshul gyis chos smon pa yod ces bya ba dang / smon pa med ces bya bar gnas par mi bya'o //	423a	dmigs ba tshul gyis chos smon ba yod ces byed ba dang smon ba med ces byed ba gnas ba mi byed 
BO_K02_D0008-4_H0009-4:423a-9	dmigs pa'i tshul gyis mig gi rnam par shes pa rtag ces bya ba dang / mi rtag ces bya bar gnas par mi bya'o //	423a	dmigs ba tshul gyis mig gi rnam ba shes ba rtag ces byed ba dang mi rtag ces byed ba gnas ba mi byed 
BO_K02_D0008-4_H0009-4:423a-10	dmigs pa'i tshul gyis mig gi rnam par shes pa bde zhes bya ba dang / sdug bsngal zhes bya bar gnas par mi bya'o //	423a	dmigs ba tshul gyis mig gi rnam ba shes ba bde zhes byed ba dang sdug sngal zhes byed ba gnas ba mi byed 
BO_K02_D0008-4_H0009-4:423a-11	dmigs pa'i tshul gyis mig gi rnam par shes pa bdag ces bya ba dang / bdag med ces bya bar gnas par mi bya'o //	423a	dmigs ba tshul gyis mig gi rnam ba shes ba bdag ces byed ba dang bdag med ces byed ba gnas ba mi byed 
BO_K02_D0008-4_H0009-4:423a-12	dmigs pa'i tshul gyis mig gi rnam par shes pa sdug ces bya ba dang / mi sdug ces bya bar gnas par mi bya'o //	423a	dmigs ba tshul gyis mig gi rnam ba shes ba sdug ces byed ba dang mi sdug ces byed ba gnas ba mi byed 
BO_K02_D0008-4_H0009-4:423b-0	@423b dmigs pa'i tshul gyis mig gi rnam par shes pa zhi zhes bya ba dang / ma zhi zhes bya bar gnas par mi bya'o //	423b	dmigs ba tshul gyis mig gi rnam ba shes ba zhi zhes byed ba dang ma zhi zhes byed ba gnas ba mi byed 
BO_K02_D0008-4_H0009-4:423b-1	dmigs pa'i tshul gyis mig gi rnam par shes pa dben zhes bya ba dang / mi dben zhes bya bar gnas par mi bya'o //	423b	dmigs ba tshul gyis mig gi rnam ba shes ba dben zhes byed ba dang mi dben zhes byed ba gnas ba mi byed 
BO_K02_D0008-4_H0009-4:423b-2	dmigs pa'i tshul gyis mig gi rnam par shes pa stong zhes bya ba dang / mi stong zhes bya bar gnas par mi bya'o //	423b	dmigs ba tshul gyis mig gi rnam ba shes ba stong zhes byed ba dang mi stong zhes byed ba gnas ba mi byed 
BO_K02_D0008-4_H0009-4:423b-3	dmigs pa'i tshul gyis mig gi rnam par shes pa mtshan ma yod ces bya ba dang / mtshan ma med ces bya bar gnas par mi bya'o //	423b	dmigs ba tshul gyis mig gi rnam ba shes ba mtshan ma yod ces byed ba dang mtshan ma med ces byed ba gnas ba mi byed 
BO_K02_D0008-4_H0009-4:423b-4	dmigs pa'i tshul gyis mig gi rnam par shes pa smon pa yod ces bya ba dang smon pa med ces bya bar gnas par mi bya'o //	423b	dmigs ba tshul gyis mig gi rnam ba shes ba smon ba yod ces byed ba dang smon ba med ces byed ba gnas ba mi byed 
BO_K02_D0008-4_H0009-4:423b-5	dmigs pa'i tshul gyis rna ba'i rnam par shes pa rtag ces bya ba dang / mi rtag ces bya bar gnas par mi bya'o //	423b	dmigs ba tshul gyis rna ba rnam ba shes ba rtag ces byed ba dang mi rtag ces byed ba gnas ba mi byed 
BO_K02_D0008-4_H0009-4:423b-6	dmigs pa'i tshul gyis rna ba'i rnam par shes pa bde zhes bya ba dang / sdug bsngal zhes bya bar gnas par mi bya'o //	423b	dmigs ba tshul gyis rna ba rnam ba shes ba bde zhes byed ba dang sdug sngal zhes byed ba gnas ba mi byed 
BO_K02_D0008-4_H0009-4:423b-7	dmigs pa'i tshul gyis rna ba'i rnam par shes pa bdag ces bya ba dang / bdag med ces bya bar gnas par mi bya'o //	423b	dmigs ba tshul gyis rna ba rnam ba shes ba bdag ces byed ba dang bdag med ces byed ba gnas ba mi byed 
BO_K02_D0008-4_H0009-4:423b-8	dmigs pa'i tshul gyis rna ba'i rnam par shes pa sdug ces bya ba dang / mi sdug ces bya bar gnas par mi bya'o //	423b	dmigs ba tshul gyis rna ba rnam ba shes ba sdug ces byed ba dang mi sdug ces byed ba gnas ba mi byed 
BO_K02_D0008-4_H0009-4:423b-9	dmigs pa'i tshul gyis rna ba'i rnam par shes pa zhi zhes bya ba dang / ma zhi zhes bya bar gnas par mi bya'o //	423b	dmigs ba tshul gyis rna ba rnam ba shes ba zhi zhes byed ba dang ma zhi zhes byed ba gnas ba mi byed 
BO_K02_D0008-4_H0009-4:423b-10	dmigs pa'i tshul gyis rna ba'i rnam par shes pa dben zhes bya ba dang / mi dben zhes bya bar gnas par mi bya'o //	423b	dmigs ba tshul gyis rna ba rnam ba shes ba dben zhes byed ba dang mi dben zhes byed ba gnas ba mi byed 
BO_K02_D0008-4_H0009-4:424a-0	dmigs @424a *// pa'i tshul gyis rna ba'i rnam par shes pa stong zhes bya ba dang / mi stong zhes bya bar gnas par mi bya'o //	424a	dmigs ba tshul gyis rna ba rnam ba shes ba stong zhes byed ba dang mi stong zhes byed ba gnas ba mi byed 
BO_K02_D0008-4_H0009-4:424a-1	dmigs pa'i tshul gyis rna ba'i rnam par shes pa mtshan ma yod ces bya ba dang / mtshan ma med ces bya bar gnas par mi bya'o //	424a	dmigs ba tshul gyis rna ba rnam ba shes ba mtshan ma yod ces byed ba dang mtshan ma med ces byed ba gnas ba mi byed 
BO_K02_D0008-4_H0009-4:424a-2	dmigs pa'i tshul gyis rna ba'i rnam par shes pa smon pa yod ces bya ba dang / smon pa med ces bya bar gnas par mi bya'o //	424a	dmigs ba tshul gyis rna ba rnam ba shes ba smon ba yod ces byed ba dang smon ba med ces byed ba gnas ba mi byed 
BO_K02_D0008-4_H0009-4:424a-3	dmigs pa'i tshul gyis sna'i rnam par shes pa rtag ces bya ba dang / mi rtag ces bya bar gnas par mi bya'o //	424a	dmigs ba tshul gyis sna rnam ba shes ba rtag ces byed ba dang mi rtag ces byed ba gnas ba mi byed 
BO_K02_D0008-4_H0009-4:424a-4	dmigs pa'i tshul gyis sna'i rnam par shes pa bde zhes bya ba dang / sdug bsngal zhes bya bar gnas par mi bya'o //	424a	dmigs ba tshul gyis sna rnam ba shes ba bde zhes byed ba dang sdug sngal zhes byed ba gnas ba mi byed 
BO_K02_D0008-4_H0009-4:424a-5	dmigs pa'i tshul gyis sna'i rnam par shes pa bdag ces bya ba dang / bdag med ces bya bar gnas par mi bya'o //	424a	dmigs ba tshul gyis sna rnam ba shes ba bdag ces byed ba dang bdag med ces byed ba gnas ba mi byed 
BO_K02_D0008-4_H0009-4:424a-6	dmigs pa'i tshul gyis sna'i rnam par shes pa sdug ces bya ba dang / mi sdug ces bya bar gnas par mi bya'o //	424a	dmigs ba tshul gyis sna rnam ba shes ba sdug ces byed ba dang mi sdug ces byed ba gnas ba mi byed 
BO_K02_D0008-4_H0009-4:424a-7	dmigs pa'i tshul gyis sna'i rnam par shes pa zhi zhes bya ba dang / ma zhi zhes bya bar gnas par mi bya'o //	424a	dmigs ba tshul gyis sna rnam ba shes ba zhi zhes byed ba dang ma zhi zhes byed ba gnas ba mi byed 
BO_K02_D0008-4_H0009-4:424a-8	dmigs pa'i tshul gyis sna'i rnam par shes pa dben zhes bya ba dang / mi dben zhes bya bar gnas par mi bya'o //	424a	dmigs ba tshul gyis sna rnam ba shes ba dben zhes byed ba dang mi dben zhes byed ba gnas ba mi byed 
BO_K02_D0008-4_H0009-4:424a-9	dmigs pa'i tshul gyis sna'i rnam par shes pa stong zhes bya ba dang / mi stong zhes bya bar gnas par mi bya'o //	424a	dmigs ba tshul gyis sna rnam ba shes ba stong zhes byed ba dang mi stong zhes byed ba gnas ba mi byed 
BO_K02_D0008-4_H0009-4:424b-0	dmigs pa'i tshul gyis sna'i rnam par shes pa mtshan ma yod ces bya ba dang / mtshan ma @424b med ces bya bar gnas par mi bya'o //	424b	dmigs ba tshul gyis sna rnam ba shes ba mtshan ma yod ces byed ba dang mtshan ma med ces byed ba gnas ba mi byed 
BO_K02_D0008-4_H0009-4:424b-1	dmigs pa'i tshul gyis sna'i rnam par shes pa smon pa yod ces bya ba dang / smon pa med ces bya bar gnas par mi bya'o //	424b	dmigs ba tshul gyis sna rnam ba shes ba smon ba yod ces byed ba dang smon ba med ces byed ba gnas ba mi byed 
BO_K02_D0008-4_H0009-4:424b-2	dmigs pa'i tshul gyis lce'i rnam par shes pa rtag ces bya ba dang / mi rtag ces bya bar gnas par mi bya'o //	424b	dmigs ba tshul gyis lce rnam ba shes ba rtag ces byed ba dang mi rtag ces byed ba gnas ba mi byed 
BO_K02_D0008-4_H0009-4:424b-3	dmigs pa'i tshul gyis lce'i rnam par shes pa bde zhes bya ba dang / sdug bsngal zhes bya bar gnas par mi bya'o //	424b	dmigs ba tshul gyis lce rnam ba shes ba bde zhes byed ba dang sdug sngal zhes byed ba gnas ba mi byed 
BO_K02_D0008-4_H0009-4:424b-4	dmigs pa'i tshul gyis lce'i rnam par shes pa bdag ces bya ba dang / bdag med ces bya bar gnas par mi bya'o //	424b	dmigs ba tshul gyis lce rnam ba shes ba bdag ces byed ba dang bdag med ces byed ba gnas ba mi byed 
BO_K02_D0008-4_H0009-4:424b-5	dmigs pa'i tshul gyis lce'i rnam par shes pa sdug ces bya ba dang / mi sdug ces bya bar gnas par mi bya'o //	424b	dmigs ba tshul gyis lce rnam ba shes ba sdug ces byed ba dang mi sdug ces byed ba gnas ba mi byed 
BO_K02_D0008-4_H0009-4:424b-6	dmigs pa'i tshul gyis lce'i rnam par shes pa zhi zhes bya ba dang / ma zhi zhes bya bar gnas par mi bya'o //	424b	dmigs ba tshul gyis lce rnam ba shes ba zhi zhes byed ba dang ma zhi zhes byed ba gnas ba mi byed 
BO_K02_D0008-4_H0009-4:424b-7	dmigs pa'i tshul gyis lce'i rnam par shes pa dben zhes bya ba dang / mi dben zhes bya bar gnas par mi bya'o //	424b	dmigs ba tshul gyis lce rnam ba shes ba dben zhes byed ba dang mi dben zhes byed ba gnas ba mi byed 
BO_K02_D0008-4_H0009-4:424b-8	dmigs pa'i tshul gyis lce'i rnam par shes pa stong zhes bya ba dang / mi stong zhes bya bar gnas par mi bya'o //	424b	dmigs ba tshul gyis lce rnam ba shes ba stong zhes byed ba dang mi stong zhes byed ba gnas ba mi byed 
BO_K02_D0008-4_H0009-4:424b-9	dmigs pa'i tshul gyis lce'i rnam par shes pa mtshan ma yod ces bya ba dang / mtshan ma med ces bya bar gnas par mi bya'o //	424b	dmigs ba tshul gyis lce rnam ba shes ba mtshan ma yod ces byed ba dang mtshan ma med ces byed ba gnas ba mi byed 
BO_K02_D0008-4_H0009-4:424b-10	dmigs pa'i tshul gyis lce'i rnam par shes pa smon pa yod ces bya ba dang / smon pa med ces bya bar gnas par mi bya'o //	424b	dmigs ba tshul gyis lce rnam ba shes ba smon ba yod ces byed ba dang smon ba med ces byed ba gnas ba mi byed 
BO_K02_D0008-4_H0009-4:425a-0	dmigs pa'i tshul gyis lus kyi rnam par shes pa rtag ces bya ba dang / mi rtag @425a *//	425a	dmigs ba tshul gyis lus kyi rnam ba shes ba rtag ces byed ba dang mi rtag 
BO_K02_D0008-4_H0009-4:425a-1	ces bya bar gnas par mi bya'o //	425a	ces byed ba gnas ba mi byed 
BO_K02_D0008-4_H0009-4:425a-2	dmigs pa'i tshul gyis lus kyi rnam par shes pa bde zhes bya ba dang / sdug bsngal zhes bya bar gnas par mi bya'o //	425a	dmigs ba tshul gyis lus kyi rnam ba shes ba bde zhes byed ba dang sdug sngal zhes byed ba gnas ba mi byed 
BO_K02_D0008-4_H0009-4:425a-3	dmigs pa'i tshul gyis lus kyi rnam par shes pa bdag ces bya ba dang / bdag med ces bya bar gnas par mi bya'o //	425a	dmigs ba tshul gyis lus kyi rnam ba shes ba bdag ces byed ba dang bdag med ces byed ba gnas ba mi byed 
BO_K02_D0008-4_H0009-4:425a-4	dmigs pa'i tshul gyis lus kyi rnam par shes pa sdug ces bya ba dang / mi sdug ces bya bar gnas par mi bya'o //	425a	dmigs ba tshul gyis lus kyi rnam ba shes ba sdug ces byed ba dang mi sdug ces byed ba gnas ba mi byed 
BO_K02_D0008-4_H0009-4:425a-5	dmigs pa'i tshul gyis lus kyi rnam par shes pa zhi zhes bya ba dang / ma zhi zhes bya bar gnas par mi bya'o //	425a	dmigs ba tshul gyis lus kyi rnam ba shes ba zhi zhes byed ba dang ma zhi zhes byed ba gnas ba mi byed 
BO_K02_D0008-4_H0009-4:425a-6	dmigs pa'i tshul gyis lus kyi rnam par shes pa dben zhes bya ba dang / mi dben zhes bya bar gnas par mi bya'o //	425a	dmigs ba tshul gyis lus kyi rnam ba shes ba dben zhes byed ba dang mi dben zhes byed ba gnas ba mi byed 
BO_K02_D0008-4_H0009-4:425a-7	dmigs pa'i tshul gyis lus kyi rnam par shes pa stong zhes bya ba dang / mi stong zhes bya bar gnas par mi bya'o //	425a	dmigs ba tshul gyis lus kyi rnam ba shes ba stong zhes byed ba dang mi stong zhes byed ba gnas ba mi byed 
BO_K02_D0008-4_H0009-4:425a-8	dmigs pa'i tshul gyis lus kyi rnam par shes pa mtshan ma yod ces bya ba dang / mtshan ma med ces bya bar gnas par mi bya'o //	425a	dmigs ba tshul gyis lus kyi rnam ba shes ba mtshan ma yod ces byed ba dang mtshan ma med ces byed ba gnas ba mi byed 
BO_K02_D0008-4_H0009-4:425a-9	dmigs pa'i tshul gyis lus kyi rnam par shes pa smon pa yod ces bya ba dang / smon pa med ces bya bar gnas par mi bya'o //	425a	dmigs ba tshul gyis lus kyi rnam ba shes ba smon ba yod ces byed ba dang smon ba med ces byed ba gnas ba mi byed 
BO_K02_D0008-4_H0009-4:425a-10	dmigs pa'i tshul gyis yid kyi rnam par shes pa rtag ces bya ba dang / mi rtag ces bya bar gnas par mi bya'o //	425a	dmigs ba tshul gyis yid kyi rnam ba shes ba rtag ces byed ba dang mi rtag ces byed ba gnas ba mi byed 
BO_K02_D0008-4_H0009-4:425a-11	dmigs pa'i tshul gyis yid kyi rnam par shes pa bde zhes bya ba dang / sdug bsngal zhes bya bar gnas par mi bya'o //	425a	dmigs ba tshul gyis yid kyi rnam ba shes ba bde zhes byed ba dang sdug sngal zhes byed ba gnas ba mi byed 
BO_K02_D0008-4_H0009-4:425b-0	dmigs pa'i tshul @425b gyis yid kyi rnam par shes pa bdag ces bya ba dang / bdag med ces bya bar gnas par mi bya'o //	425b	dmigs ba tshul gyis yid kyi rnam ba shes ba bdag ces byed ba dang bdag med ces byed ba gnas ba mi byed 
BO_K02_D0008-4_H0009-4:425b-1	dmigs pa'i tshul gyis yid kyi rnam par shes pa sdug ces bya ba dang / mi sdug ces bya bar gnas par mi bya'o //	425b	dmigs ba tshul gyis yid kyi rnam ba shes ba sdug ces byed ba dang mi sdug ces byed ba gnas ba mi byed 
BO_K02_D0008-4_H0009-4:425b-2	dmigs pa'i tshul gyis yid kyi rnam par shes pa zhi zhes bya ba dang / ma zhi zhes bya bar gnas par mi bya'o /	425b	dmigs ba tshul gyis yid kyi rnam ba shes ba zhi zhes byed ba dang ma zhi zhes byed ba gnas ba mi byed 
BO_K02_D0008-4_H0009-4:425b-3	dmigs pa'i tshul gyis yid kyi rnam par shes pa dben zhes bya ba dang / mi dben zhes bya bar gnas par mi bya'o //	425b	dmigs ba tshul gyis yid kyi rnam ba shes ba dben zhes byed ba dang mi dben zhes byed ba gnas ba mi byed 
BO_K02_D0008-4_H0009-4:425b-4	dmigs pa'i tshul gyis yid kyi rnam par shes pa stong zhes bya ba dang / mi stong zhes bya bar gnas par mi bya'o //	425b	dmigs ba tshul gyis yid kyi rnam ba shes ba stong zhes byed ba dang mi stong zhes byed ba gnas ba mi byed 
BO_K02_D0008-4_H0009-4:425b-5	dmigs pa'i tshul gyis yid kyi rnam par shes pa mtshan ma yod ces bya ba dang / mtshan ma med ces bya bar gnas par mi bya'o //	425b	dmigs ba tshul gyis yid kyi rnam ba shes ba mtshan ma yod ces byed ba dang mtshan ma med ces byed ba gnas ba mi byed 
BO_K02_D0008-4_H0009-4:425b-6	dmigs pa'i tshul gyis yid kyi rnam par shes pa smon pa yod ces bya ba dang / smon pa med ces bya bar gnas par mi bya'o //	425b	dmigs ba tshul gyis yid kyi rnam ba shes ba smon ba yod ces byed ba dang smon ba med ces byed ba gnas ba mi byed 
BO_K02_D0008-4_H0009-4:425b-7	dmigs pa'i tshul gyis mig gi 'dus te reg pa rtag ces bya ba dang / mi rtag ces bya bar gnas par mi bya'o //	425b	dmigs ba tshul gyis mig gi du te reg ba rtag ces byed ba dang mi rtag ces byed ba gnas ba mi byed 
BO_K02_D0008-4_H0009-4:425b-8	dmigs pa'i tshul gyis mig gi 'dus te reg pa bde zhes bya ba dang / sdug bsngal zhes bya bar gnas par mi bya'o //	425b	dmigs ba tshul gyis mig gi du te reg ba bde zhes byed ba dang sdug sngal zhes byed ba gnas ba mi byed 
BO_K02_D0008-4_H0009-4:425b-9	dmigs pa'i tshul gyis mig gi 'dus te reg pa bdag ces bya ba dang / bdag med ces bya bar gnas par mi bya'o //	425b	dmigs ba tshul gyis mig gi du te reg ba bdag ces byed ba dang bdag med ces byed ba gnas ba mi byed 
BO_K02_D0008-4_H0009-4:425b-10	dmigs pa'i tshul gyis mig gi 'dus te reg pa sdug ces bya ba dang / mi sdug ces bya bar gnas par mi bya'o //	425b	dmigs ba tshul gyis mig gi du te reg ba sdug ces byed ba dang mi sdug ces byed ba gnas ba mi byed 
BO_K02_D0008-4_H0009-4:426a-0	dmigs pa'i tshul gyis mig gi 'dus @426a *//	426a	dmigs ba tshul gyis mig gi du 
BO_K02_D0008-4_H0009-4:426a-1	te reg pa zhi zhes bya ba dang / ma zhi zhes bya bar gnas par mi bya'o //	426a	te reg ba zhi zhes byed ba dang ma zhi zhes byed ba gnas ba mi byed 
BO_K02_D0008-4_H0009-4:426a-2	dmigs pa'i tshul gyis mig gi 'dus te reg pa dben zhes bya ba dang / mi dben zhes bya bar gnas par mi bya'o //	426a	dmigs ba tshul gyis mig gi du te reg ba dben zhes byed ba dang mi dben zhes byed ba gnas ba mi byed 
BO_K02_D0008-4_H0009-4:426a-3	dmigs pa'i tshul gyis mig gi 'dus te reg pa stong zhes bya ba dang / mi stong zhes bya bar gnas par mi bya'o //	426a	dmigs ba tshul gyis mig gi du te reg ba stong zhes byed ba dang mi stong zhes byed ba gnas ba mi byed 
BO_K02_D0008-4_H0009-4:426a-4	dmigs pa'i tshul gyis mig gi 'dus te reg pa mtshan ma yod ces bya ba dang / mtshan ma med ces bya bar gnas par mi bya'o //	426a	dmigs ba tshul gyis mig gi du te reg ba mtshan ma yod ces byed ba dang mtshan ma med ces byed ba gnas ba mi byed 
BO_K02_D0008-4_H0009-4:426a-5	dmigs pa'i tshul gyis mig gi 'dus te reg pa smon pa yod ces bya ba dang / smon pa med ces bya bar gnas par mi bya'o //	426a	dmigs ba tshul gyis mig gi du te reg ba smon ba yod ces byed ba dang smon ba med ces byed ba gnas ba mi byed 
BO_K02_D0008-4_H0009-4:426a-6	dmigs pa'i tshul gyis rna ba'i 'dus te reg pa rtag ces bya ba dang / mi rtag ces bya bar gnas par mi bya'o //	426a	dmigs ba tshul gyis rna ba du te reg ba rtag ces byed ba dang mi rtag ces byed ba gnas ba mi byed 
BO_K02_D0008-4_H0009-4:426a-7	dmigs pa'i tshul gyis rna ba'i 'dus te reg pa bde zhes bya ba dang / sdug bsngal zhes bya bar gnas par mi bya'o //	426a	dmigs ba tshul gyis rna ba du te reg ba bde zhes byed ba dang sdug sngal zhes byed ba gnas ba mi byed 
BO_K02_D0008-4_H0009-4:426a-8	dmigs pa'i tshul gyis rna ba'i 'dus te reg pa bdag ces bya ba dang / bdag med ces bya bar gnas par mi bya'o //	426a	dmigs ba tshul gyis rna ba du te reg ba bdag ces byed ba dang bdag med ces byed ba gnas ba mi byed 
BO_K02_D0008-4_H0009-4:426a-9	dmigs pa'i tshul gyis rna ba'i 'dus te reg pa sdug ces bya ba dang / mi sdug ces bya bar gnas par mi bya'o //	426a	dmigs ba tshul gyis rna ba du te reg ba sdug ces byed ba dang mi sdug ces byed ba gnas ba mi byed 
BO_K02_D0008-4_H0009-4:426a-10	dmigs pa'i tshul gyis rna ba'i 'dus te reg pa zhi zhes bya ba dang / ma zhi zhes bya bar gnas par mi bya'o //	426a	dmigs ba tshul gyis rna ba du te reg ba zhi zhes byed ba dang ma zhi zhes byed ba gnas ba mi byed 
BO_K02_D0008-4_H0009-4:426a-11	dmigs pa'i tshul gyis rna ba'i 'dus te reg pa dben zhes bya ba dang / mi dben zhes bya bar gnas par mi bya'o //	426a	dmigs ba tshul gyis rna ba du te reg ba dben zhes byed ba dang mi dben zhes byed ba gnas ba mi byed 
BO_K02_D0008-4_H0009-4:426b-0	dmigs @426b pa'i tshul gyis rna ba'i 'dus te reg pa stong zhes bya ba dang / mi stong zhes bya bar gnas par mi bya'o //	426b	dmigs ba tshul gyis rna ba du te reg ba stong zhes byed ba dang mi stong zhes byed ba gnas ba mi byed 
BO_K02_D0008-4_H0009-4:426b-1	dmigs pa'i tshul gyis rna ba'i 'dus te reg pa mtshan ma yod ces bya ba dang / mtshan ma med ces bya bar gnas par mi bya'o //	426b	dmigs ba tshul gyis rna ba du te reg ba mtshan ma yod ces byed ba dang mtshan ma med ces byed ba gnas ba mi byed 
BO_K02_D0008-4_H0009-4:426b-2	dmigs pa'i tshul gyis rna ba'i 'dus te reg pa smon pa yod ces bya ba dang / smon pa med ces bya bar gnas par mi bya'o //	426b	dmigs ba tshul gyis rna ba du te reg ba smon ba yod ces byed ba dang smon ba med ces byed ba gnas ba mi byed 
BO_K02_D0008-4_H0009-4:426b-3	dmigs pa'i tshul gyis sna'i 'dus te reg pa rtag ces bya ba dang / mi rtag ces bya bar gnas par mi bya'o //	426b	dmigs ba tshul gyis sna du te reg ba rtag ces byed ba dang mi rtag ces byed ba gnas ba mi byed 
BO_K02_D0008-4_H0009-4:426b-4	dmigs pa'i tshul gyis sna'i 'dus te reg pa bde zhes bya ba dang / sdug bsngal zhes bya bar gnas par mi bya'o //	426b	dmigs ba tshul gyis sna du te reg ba bde zhes byed ba dang sdug sngal zhes byed ba gnas ba mi byed 
BO_K02_D0008-4_H0009-4:426b-5	dmigs pa'i tshul gyis sna'i 'dus te reg pa bdag ces bya ba dang / bdag med ces bya bar gnas par mi bya'o //	426b	dmigs ba tshul gyis sna du te reg ba bdag ces byed ba dang bdag med ces byed ba gnas ba mi byed 
BO_K02_D0008-4_H0009-4:426b-6	dmigs pa'i tshul gyis sna'i 'dus te reg pa sdug ces bya ba dang / mi sdug ces bya bar gnas par mi bya'o //	426b	dmigs ba tshul gyis sna du te reg ba sdug ces byed ba dang mi sdug ces byed ba gnas ba mi byed 
BO_K02_D0008-4_H0009-4:426b-7	dmigs pa'i tshul gyis sna'i 'dus te reg pa zhi zhes bya ba dang / ma zhi zhes bya bar gnas par mi bya'o //	426b	dmigs ba tshul gyis sna du te reg ba zhi zhes byed ba dang ma zhi zhes byed ba gnas ba mi byed 
BO_K02_D0008-4_H0009-4:426b-8	dmigs pa'i tshul gyis sna'i 'dus te reg pa dben zhes bya ba dang / mi dben zhes bya bar gnas par mi bya'o /	426b	dmigs ba tshul gyis sna du te reg ba dben zhes byed ba dang mi dben zhes byed ba gnas ba mi byed 
BO_K02_D0008-4_H0009-4:426b-9	dmigs pa'i tshul gyis sna'i 'dus te reg pa stong zhes bya ba dang / mi stong zhes bya bar gnas par mi bya'o //	426b	dmigs ba tshul gyis sna du te reg ba stong zhes byed ba dang mi stong zhes byed ba gnas ba mi byed 
BO_K02_D0008-4_H0009-4:426b-10	dmigs pa'i tshul gyis sna'i 'dus te reg pa mtshan ma yod ces bya ba dang / mtshan ma med ces bya bar gnas par mi bya'o //	426b	dmigs ba tshul gyis sna du te reg ba mtshan ma yod ces byed ba dang mtshan ma med ces byed ba gnas ba mi byed 
BO_K02_D0008-4_H0009-4:427a-0	dmigs pa'i tshul gyis sna'i @427a *//	427a	dmigs ba tshul gyis sna 
BO_K02_D0008-4_H0009-4:427a-1	'dus te reg pa smon pa yod ces bya ba dang / smon pa med ces bya bar gnas par mi bya'o //	427a	du te reg ba smon ba yod ces byed ba dang smon ba med ces byed ba gnas ba mi byed 
BO_K02_D0008-4_H0009-4:427a-2	dmigs pa'i tshul gyis lce'i 'dus te reg pa rtag ces bya ba dang / mi rtag ces bya bar gnas par mi bya'o //	427a	dmigs ba tshul gyis lce du te reg ba rtag ces byed ba dang mi rtag ces byed ba gnas ba mi byed 
BO_K02_D0008-4_H0009-4:427a-3	dmigs pa'i tshul gyis lce'i 'dus te reg pa bde zhes bya ba dang / sdug bsngal zhes bya bar gnas par mi bya'o //	427a	dmigs ba tshul gyis lce du te reg ba bde zhes byed ba dang sdug sngal zhes byed ba gnas ba mi byed 
BO_K02_D0008-4_H0009-4:427a-4	dmigs pa'i tshul gyis lce'i 'dus te reg pa bdag ces bya ba dang / bdag med ces bya bar gnas par mi bya'o //	427a	dmigs ba tshul gyis lce du te reg ba bdag ces byed ba dang bdag med ces byed ba gnas ba mi byed 
BO_K02_D0008-4_H0009-4:427a-5	dmigs pa'i tshul gyis lce'i 'dus te reg pa sdug ces bya ba dang / mi sdug ces bya bar gnas par mi bya'o //	427a	dmigs ba tshul gyis lce du te reg ba sdug ces byed ba dang mi sdug ces byed ba gnas ba mi byed 
BO_K02_D0008-4_H0009-4:427a-6	dmigs pa'i tshul gyis lce'i 'dus te reg pa zhi zhes bya ba dang / ma zhi zhes bya bar gnas par mi bya'o //	427a	dmigs ba tshul gyis lce du te reg ba zhi zhes byed ba dang ma zhi zhes byed ba gnas ba mi byed 
